-9.176849230495722765e-01,3.500944651200670332e-01,-1.878516635534407953e-01,-3.072762301412496622e-01,-3.256637447314315037e-01,8.941613074595003985e-01,2.518644484592512112e-01,8.782807016323399552e-01,4.064324159593106223e-01
9.159358410089328828e-01,-3.541701309873881431e-01,1.887460025315376710e-01,-3.146475056721401709e-01,-3.418023287991195924e-01,8.855326731418773356e-01,2.491153996234667378e-01,8.704795726172296355e-01,4.245077517861902683e-01
-9.227002132312032145e-01,3.472479309431641403e-01,-1.674610132501995197e-01,-2.957123824617559626e-01,-3.588084077789684412e-01,8.853308496635103886e-01,-2.473428862164506470e-01,-8.664152589623599354e-01,-4.337581073309211832e-01
-9.307007282901091916e-01,3.364508317228788736e-01,-1.435165223702249415e-01,-2.711477809069465228e-01,-3.712450850442259309e-01,8.880630426606800354e-01,-2.455097457729503163e-01,-8.654351071359935865e-01,-4.367459674307395123e-01
-9.415802358250212611e-01,3.181081710592892353e-01,-1.106067403416785416e-01,-2.361741204095340885e-01,-3.895303418371432458e-01,8.902178933480393574e-01,-2.401009045224122840e-01,-8.643340235658623083e-01,-4.419029886230317894e-01
-9.526765131081605942e-01,2.997767647657073598e-01,-5.041183074122628643e-02,-1.768834917967025688e-01,-4.117978455645554536e-01,8.939433789218398374e-01,-2.472239707267120390e-01,-8.605558817967582375e-01,-4.453356965291705438e-01
-9.549777622170394498e-01,2.952812246757529069e-01,-2.874842647734463658e-02,-1.584088890062568811e-01,-4.255722943959438509e-01,8.909516519578242200e-01,-2.508467611007547671e-01,-8.553930211292113395e-01,-4.531872481091022697e-01
-9.607876437785437540e-01,2.765891203215626870e-01,1.963573482755872832e-02,-1.091694738863075442e-01,-4.424152741002801426e-01,8.901408603216464099e-01,-2.548904265245381384e-01,-8.530927169789442877e-01,-4.552622175226282430e-01
9.659133911697839192e-01,-2.441939233833027578e-01,-8.591070097232841873e-02,-3.848260789943924731e-02,-4.636395869286551452e-01,8.851877892977758622e-01,2.559890811111777964e-01,8.517086715628150451e-01,4.572329046958005794e-01
9.654823856773872004e-01,-2.328569110899047501e-01,-1.167108474151792308e-01,-9.434797267036188276e-03,-4.790515033225393737e-01,8.777360889042590264e-01,2.602974213226688649e-01,8.463375899261968982e-01,4.647127460385456210e-01
9.632283870481438415e-01,-1.961559199054854208e-01,-1.836135329180942355e-01,6.161586277739924955e-02,-5.039040875926310559e-01,8.615591424630315576e-01,2.615235359175689389e-01,8.411917293896027381e-01,4.732884052749457560e-01
9.492316353592834544e-01,-1.327783786109257291e-01,-2.851827565029039224e-01,1.741856633478237881e-01,-5.330491658949816358e-01,8.279601085938520511e-01,2.619516312551220527e-01,8.356006755096111460e-01,4.828590415128026225e-01
9.087863129836681875e-01,-4.412602598915252305e-02,-4.149220784243166649e-01,3.233802754301317028e-01,-5.539284388430372186e-01,7.671952046928133262e-01,2.636904146841182461e-01,8.313941174144305890e-01,4.891330971549537887e-01
8.413391413281953168e-01,5.193342262587789110e-02,-5.380068483611495367e-01,4.706447841129594578e-01,-5.598475672906335632e-01,6.819561485799692235e-01,2.657855083641710303e-01,8.269665174679815545e-01,4.954638660189841226e-01
7.584338120931291005e-01,1.407433892511095186e-01,-6.363721010980883941e-01,5.939671680894421657e-01,-5.511982197006189965e-01,5.859893564141562816e-01,2.682930411056037578e-01,8.224182761715470580e-01,5.016443193272778212e-01
6.840667071358601525e-01,2.070240921361081732e-01,-6.994238811075309536e-01,-6.764399986716639335e-01,5.388156697086446956e-01,-5.021021830997186575e-01,2.729132982933966667e-01,8.165896762460594926e-01,5.086252375403474968e-01
6.102353383496113004e-01,2.659198021858729111e-01,-7.462569869922570653e-01,-7.423358452561672483e-01,5.209165613803338202e-01,-4.214064889480241272e-01,2.766772933891532005e-01,8.111304425831369347e-01,5.152834952118466871e-01
5.280394375792922812e-01,3.232072560898623381e-01,-7.853097617958192389e-01,-8.010415576046601149e-01,4.966123208742393436e-01,-3.342284035599024095e-01,2.819694581887268181e-01,8.055515330298634868e-01,5.211333344567322667e-01
-4.422480567917956851e-01,-3.788634880080044010e-01,8.129447175043880147e-01,8.499605801847159858e-01,-4.664013905094189227e-01,2.450239887499616465e-01,2.863279036278889023e-01,7.993323466401748290e-01,5.282841387158706548e-01
-4.044948817247293049e-01,-4.036865376554767959e-01,8.206223674591319739e-01,8.665508727659323451e-01,-4.560277286429634813e-01,2.028011233138066471e-01,2.923584710028073741e-01,7.931430451214168675e-01,5.342758036898433982e-01
-3.521520001424979784e-01,-4.342754053223403243e-01,8.290921789088082638e-01,8.868493097787540913e-01,-4.379562587590135614e-01,1.472841374987653718e-01,2.991442303314326145e-01,7.871462302176929215e-01,5.393640159609180973e-01
-3.309955338752098020e-01,-4.474054458049523397e-01,8.308250860552640615e-01,8.921526847167352559e-01,-4.352090355689336443e-01,1.210647864239678961e-01,3.074175396872910193e-01,7.812947346701055729e-01,5.432062167072302383e-01
-3.266299879579225851e-01,-4.528200854088008653e-01,8.296184793126136769e-01,8.908549146778785843e-01,-4.407229647863704081e-01,1.101852499392819290e-01,3.157378215559195067e-01,7.750595064640379839e-01,5.473503352322391935e-01
-3.264669025501774069e-01,-4.579739698476953391e-01,8.268489611054943289e-01,8.884470360037634018e-01,-4.472586903354366927e-01,1.030607982482077550e-01,3.226162205398558358e-01,7.682574482954084294e-01,5.529007753505207345e-01
-3.363178919700100522e-01,-4.583018648430227659e-01,8.227087432513745524e-01,8.827606202178668315e-01,-4.577375629792463374e-01,1.058773386064620625e-01,3.280609134496449419e-01,7.618633237787659773e-01,5.585161707125019248e-01
-3.356716658093815697e-01,-4.609329041117211090e-01,8.215019115497478319e-01,8.805894398359837005e-01,-4.632293638395071356e-01,9.990392848228428491e-02,3.344947999926197180e-01,7.569408262103323182e-01,5.613856200455412671e-01
-3.185096534068206919e-01,-4.689733563215504608e-01,8.237812766427545785e-01,8.839674379679343108e-01,-4.607430385201531919e-01,7.948220598110423973e-02,3.422764515695946308e-01,7.535116744389009913e-01,5.613082817714435402e-01
-2.871275725700984660e-01,-4.822910110582460108e-01,8.276189568408988118e-01,8.914371249135140118e-01,-4.507418887880737524e-01,4.660045083137888400e-02,3.505675532560462160e-01,7.511505377380588433e-01,5.593525366527756226e-01
-2.565458141973133155e-01,-4.945154959961274854e-01,8.304448623704900889e-01,8.967860116868182629e-01,-4.422527901661570948e-01,1.368644705901850625e-02,3.604983973066839265e-01,7.482425367552645312e-01,5.569326815059060243e-01
-2.322906470333122031e-01,-5.032201038240410318e-01,8.323524388191377854e-01,8.989810186645215140e-01,-4.377707486132182968e-01,-1.378041144241325122e-02,3.713141303286809913e-01,7.450679826471839906e-01,5.540753719958243506e-01
-2.025921957762323866e-01,-5.160505926441583124e-01,8.322548816571626595e-01,9.011557585410296944e-01,-4.308529465719862506e-01,-4.779160259478856809e-02,3.832423529033630594e-01,7.403090734698921649e-01,5.523294077624729681e-01
-1.876451629563781476e-01,-5.221671953267020827e-01,8.319439361782259290e-01,8.984580163401126862e-01,-4.335307737881286538e-01,-6.945690068564729092e-02,3.969414134267975625e-01,7.344334471572706580e-01,5.504952552051869397e-01
-1.796018160441545941e-01,-5.233219828820446784e-01,8.329929711024257610e-01,8.925108712970341029e-01,-4.427991785872956165e-01,-8.575098867666561264e-02,4.137239808015132358e-01,7.280542491290199481e-01,5.465980955280832498e-01
-1.767619638024976181e-01,-5.221895846686038789e-01,8.343100417808210212e-01,8.833642672560694242e-01,-4.580023258467776359e-01,-9.950598401146398819e-02,4.340769280759256277e-01,7.194108055781293087e-01,5.422410103723200869e-01
-1.693868791644286276e-01,-5.229046903775350641e-01,8.353913872838945043e-01,8.730242147046169965e-01,-4.729327143399532085e-01,-1.190099501992626652e-01,4.573147774851823444e-01,7.091581858007552919e-01,5.366170532190152054e-01
-1.638085583577529036e-01,-5.249220131585378146e-01,8.352386702675721475e-01,8.704237281277369398e-01,-4.753610144628143686e-01,-1.280407725730179358e-01,4.642513217223684374e-01,7.060373828845548649e-01,5.347727781484040710e-01
-1.358065173947060056e-01,-5.385290029728657668e-01,8.315907062913658887e-01,8.653514096901719910e-01,-4.731865192849109003e-01,-1.651104349042285258e-01,4.824142696690820742e-01,6.971951168246105501e-01,5.302786451438186166e-01
-8.134502474292089336e-02,-5.669873575993169545e-01,8.197001422911417423e-01,8.605213709214082352e-01,-4.549076555676626610e-01,-2.292640292184390527e-01,5.028776761172778498e-01,6.867200020594114163e-01,5.249092127543666386e-01
-5.513543354015929682e-02,-5.806125392559079446e-01,8.123110015426022734e-01,8.566845008138735951e-01,-4.454011475435382117e-01,-2.602104606509573759e-01,5.128857085488175427e-01,6.815474283024670621e-01,5.219591487278205655e-01
-2.266699162895286293e-02,-5.967562228553467962e-01,8.021023737490822203e-01,8.530646741495899743e-01,-4.299061118918405811e-01,-2.957387304295708841e-01,5.213126405608703440e-01,6.775416927698693081e-01,5.188163310363247405e-01
-9.134495694853304523e-03,-6.039571004820476485e-01,7.969644796135640918e-01,8.525641968565409456e-01,-4.211865607982026027e-01,-3.094126229508801229e-01,5.225426788567247849e-01,6.766370532126508852e-01,5.187595271346233661e-01
