7.489982900356522144e-01,2.220472913515020019e-01,-6.242568076738368443e-01,5.420603032038229241e-01,-7.471561301943765443e-01,3.846145405513721749e-01,3.810146837252447183e-01,6.264604676405564065e-01,6.799816859808262004e-01
7.476779968299814838e-01,2.260918284799939282e-01,-6.243877786687365150e-01,5.461756373440135315e-01,-7.441857247898989725e-01,3.845514012336880838e-01,3.777165421690804048e-01,6.285460143167764802e-01,6.798971404987137479e-01
7.445378951592196426e-01,2.325257152300889418e-01,-6.257756102858390568e-01,-5.518045184238183909e-01,7.419392415913436123e-01,-3.808384634381344891e-01,-3.757327456037552471e-01,-6.288544772390487481e-01,-6.807106215841401964e-01
7.416033942452224803e-01,2.385128886636107559e-01,-6.270055881611463766e-01,-5.552371639312305707e-01,7.427721511434888235e-01,-3.741673733441721605e-01,-3.764785484374489899e-01,-6.256205986274856468e-01,-6.832735683014655725e-01
7.347104662089023464e-01,2.537072606412815734e-01,-6.291527292645199276e-01,-5.673129008603620127e-01,7.383076099837240225e-01,-3.647710865152584137e-01,-3.719631747370945041e-01,-6.249275949564225829e-01,-6.863737303404642276e-01
7.263311755193401220e-01,2.707834501695137730e-01,-6.317589307504788421e-01,-5.799224012812471685e-01,7.348046874064925182e-01,-3.517841381552596625e-01,-3.689621009817756203e-01,-6.218829427470582427e-01,-6.907449410306041315e-01
7.226350205321385722e-01,2.801527373244706576e-01,-6.319122335183280370e-01,-5.864883512759687667e-01,7.323265375115761699e-01,-3.460191559349015678e-01,-3.658278842818181720e-01,-6.206547238408099965e-01,-6.935111194897862763e-01
7.202202221132530946e-01,2.873341849489098876e-01,-6.314442951035998952e-01,-5.902187297076338934e-01,7.321254490787436620e-01,-3.400502579230830769e-01,-3.645883744189380438e-01,-6.176013220282109417e-01,-6.968815711923816991e-01
7.167372462764903807e-01,2.955693419010563816e-01,-6.316062728695540640e-01,-5.947195162718545980e-01,7.320367340593929573e-01,-3.323114758070027097e-01,-3.641379089924096646e-01,-6.138085891512380377e-01,-7.004588489831515830e-01
7.151432442273565337e-01,3.000765035474172171e-01,-6.312877570923808301e-01,-5.977220622013000861e-01,7.307399508761642792e-01,-3.297687986322031528e-01,-3.623513165338261288e-01,-6.131665485104830227e-01,-7.019460856746372324e-01
7.182723908575533445e-01,3.023706111495085835e-01,-6.266233206998019778e-01,-5.966678508092312372e-01,7.309418557599202115e-01,-3.312272321366970251e-01,-3.578718322842235899e-01,-6.117973659728499491e-01,-7.054301770169858488e-01
7.212182454031013101e-01,3.028025077348814875e-01,-6.230207731746500999e-01,-5.948319978454896795e-01,7.316345420686006795e-01,-3.329951819339316277e-01,-3.549917419276329977e-01,-6.107548920487959609e-01,-7.077848013355818590e-01
7.231559465964589872e-01,3.046135160546618592e-01,-6.198839268274308756e-01,-5.939579869472303431e-01,7.323216572970909777e-01,-3.330448918617962550e-01,-3.525044491120264967e-01,-6.090284033527978425e-01,-7.105103920885103008e-01
7.251951768860231962e-01,3.059323842729813059e-01,-6.168446576523934910e-01,-5.928454059162404644e-01,7.330560389180513781e-01,-3.334114102573343952e-01,-3.501803536825814356e-01,-6.074818680905835766e-01,-7.129793123477822236e-01
7.288435854861753382e-01,3.050261356916800781e-01,-6.129813083941936247e-01,-5.892782745691073076e-01,7.353140807242449783e-01,-3.347600899293625698e-01,-3.486232106680684506e-01,-6.052043119754350053e-01,-7.156742259924047111e-01
7.309296724782888832e-01,3.059856120224201947e-01,-6.100119827725076771e-01,-5.874351206088750388e-01,7.370573653196975661e-01,-3.341652574748336657e-01,-3.473640640106827049e-01,-6.025937648725303575e-01,-7.184837935338082016e-01
7.339390950591958562e-01,3.059456164900607456e-01,-6.064080181645066236e-01,-5.851170521317033968e-01,7.381842661282834728e-01,-3.357410081377491529e-01,-3.449223681473750358e-01,-6.012331236643270183e-01,-7.207962895024107031e-01
7.455260243303347689e-01,2.965589740334320101e-01,-5.968615601347126987e-01,-5.718028110814553644e-01,7.446844284239164669e-01,-3.442188944585856669e-01,-3.423923075735652022e-01,-5.979112617965840482e-01,-7.247548763073388134e-01
7.609849917335276270e-01,2.825600075077516204e-01,-5.840048668577536572e-01,-5.526948275118908072e-01,7.537587414724372659e-01,-3.554942858830356656e-01,-3.397503053684052254e-01,-5.933022853580687261e-01,-7.297685442597321437e-01
7.803028303297477875e-01,2.603609006484733923e-01,-5.686296636589593945e-01,5.262224505795025653e-01,-7.646662859771591325e-01,3.719884455141059809e-01,3.379606863016597629e-01,5.894893319674358034e-01,7.336790183800390164e-01
8.025972898742277373e-01,2.307570893793751965e-01,-5.500806813438406939e-01,4.920668075913263717e-01,-7.773875554628745244e-01,3.918403316126825575e-01,3.372059417528487923e-01,5.851664330022832150e-01,7.374770494964296708e-01
8.250688976633249183e-01,1.951765591377800924e-01,-5.302522275971710553e-01,4.525292810721047165e-01,-7.902047255179385221e-01,4.132719946251901533e-01,3.383468100647464283e-01,5.809325283819590791e-01,7.402964498001828320e-01
8.475126730083643034e-01,1.543774835634407483e-01,-5.078285750711923896e-01,4.075846058968300989e-01,-8.021609894448112899e-01,4.363628490704128393e-01,-3.399956736873925300e-01,-5.768061542507515460e-01,-7.427634901449553517e-01
8.665868469768769344e-01,1.147940821786577470e-01,-4.856434446622691081e-01,3.639887171588646053e-01,-8.111466167888434775e-01,4.577700075944874381e-01,-3.413787492327531314e-01,-5.734662019411191913e-01,-7.447127397886438294e-01
8.816731152627267365e-01,7.778621665641727301e-02,-4.654050089128818346e-01,3.230942108067708096e-01,-8.183520682694075399e-01,4.752999298362378666e-01,-3.438933683077773362e-01,-5.694288338830970631e-01,-7.466512936950338020e-01
-8.932111858517622904e-01,-4.324336582561466580e-02,4.475531128049047291e-01,2.851477518157909952e-01,-8.240850440448794778e-01,4.894635837485244445e-01,3.476557738678990317e-01,5.648131120057503507e-01,7.484127279801504606e-01
9.015629339851172208e-01,1.001826411441811282e-02,-4.325319762148009950e-01,2.498637732141369139e-01,-8.282126869653002599e-01,5.016291857387407127e-01,-3.532030165490406270e-01,-5.603243520799817690e-01,-7.491890612968177265e-01
9.070080046109353367e-01,-1.955159088871750994e-02,-4.206592621890192785e-01,2.186631891900658042e-01,-8.318346206227125172e-01,5.101348582744543725e-01,-3.598928858214893722e-01,-5.546790957185856463e-01,-7.502054461998344248e-01
9.106804599493905084e-01,-4.463745647471173417e-02,-4.106928260218759563e-01,1.918751067784705000e-01,-8.347039681901158303e-01,5.161910778833989077e-01,-3.658483883593274810e-01,-5.488868580747245929e-01,-7.515837769455515627e-01
9.149128967435479209e-01,-7.362228333214113074e-02,-3.968805245527832759e-01,1.599193713198896194e-01,-8.366591602592788890e-01,5.238580382421264003e-01,-3.706213513128752690e-01,-5.427533592260853634e-01,-7.536966266342303156e-01
9.210394215651805938e-01,-1.387402001273500829e-01,-3.639196900299563886e-01,8.802968325182915221e-02,-8.360591323889109416e-01,5.415310720685232448e-01,-3.793905096196521498e-01,-5.308072004200056204e-01,-7.578301638182631805e-01
9.220267059277716948e-01,-1.996890884813131983e-01,-3.316489431574976554e-01,2.040651345874323550e-02,-8.304330230483764064e-01,5.567446168928738004e-01,-3.865880595212958237e-01,-5.201012037788769193e-01,-7.616064666632776925e-01
9.194306875890393416e-01,-2.568398490314032778e-01,-2.977927176226312644e-01,-4.443710772789580959e-02,-8.202618825585893392e-01,5.702594036736431393e-01,-3.907333543176544910e-01,-5.110809485501935923e-01,-7.655871667241481715e-01
9.135287113416261651e-01,-3.059079449683411167e-01,-2.681149431862288601e-01,-1.011163188462786827e-01,-8.092116665057050851e-01,5.787503510616965885e-01,-3.940060705338003788e-01,-5.015942663112348265e-01,-7.701703762065951198e-01
9.094979016046323972e-01,-3.349106596281735682e-01,-2.462689932658846392e-01,-1.364678027117488257e-01,-8.001150192473958089e-01,5.841168502943282492e-01,-3.926704799189746908e-01,-4.976452612475689707e-01,-7.734074528720555897e-01
9.070198354751026759e-01,-3.533632989802879543e-01,-2.290183333021293399e-01,-1.599635472291977001e-01,-7.922453099874807725e-01,5.888624901967292047e-01,-3.895210926414253705e-01,-4.974753740001692792e-01,-7.751074574862650834e-01
9.055133263003105615e-01,-3.640727109428196773e-01,-2.179373236490105836e-01,-1.739467831196827852e-01,-7.869818698308586047e-01,5.919476777552555857e-01,-3.870247182478939174e-01,-4.981070143094473157e-01,-7.759518475787442471e-01
9.030173330827135914e-01,-3.838051668705997899e-01,-1.930111137619145156e-01,-1.986615756206931982e-01,-7.714184062917903706e-01,6.045223079474718597e-01,-3.809111110535990941e-01,-5.075502303394858750e-01,-7.728515311224064543e-01
9.003587576506373313e-01,-4.028208617440645622e-01,-1.645887628775740685e-01,-2.215461863256900366e-01,-7.498872864851293674e-01,6.233669424123418068e-01,-3.745282297055105847e-01,-5.247898731032624164e-01,-7.644110113295841114e-01
8.986149911354179842e-01,-4.159229964533661672e-01,-1.396393881680441373e-01,-2.375534783659238869e-01,-7.288359360577278956e-01,6.421577089992036580e-01,-3.688623627085623746e-01,-5.438807216036515291e-01,-7.537468527595641010e-01
8.970938130084168405e-01,-4.248996662058404095e-01,-1.211732822043884161e-01,-2.468172182300228390e-01,-7.093822005007530684e-01,6.601955425462233684e-01,-3.664750352305219949e-01,-5.623496841564635806e-01,-7.412549367673123557e-01
