8.331336942731426554e-01,-4.082434377807934167e-01,3.731293917338931454e-01,-5.502843040364596705e-01,-5.442215234925057432e-01,6.332535969882876481e-01,5.545657939230031613e-02,7.329121563164410214e-01,6.780592444069251101e-01
8.326826314742429291e-01,-4.090765217513525620e-01,3.732238397971718302e-01,-5.512340583632693303e-01,-5.481567224946098937e-01,6.290192528725386811e-01,5.273185129966163898e-02,7.295070986191856122e-01,6.819374934132367283e-01
8.329410928808029801e-01,-4.087781135954394740e-01,3.729739798375855675e-01,-5.512483350584364006e-01,-5.541081746120449791e-01,6.237703134354902756e-01,4.831572089740152759e-02,7.251652119851459410e-01,6.868777230633577036e-01
8.339372749659846873e-01,-4.076545449212560790e-01,3.719763344990531517e-01,-5.499936189913856577e-01,-5.585637104622312998e-01,6.208974153782756966e-01,4.533917170688386844e-02,7.223741090042665736e-01,6.900144970572903436e-01
8.332905637658355458e-01,-4.082984699295124087e-01,3.727186550094257478e-01,-5.510681066528322347e-01,-5.595991034856020452e-01,6.190095194810605328e-01,4.416761448028561771e-02,7.212081549950259962e-01,6.913089171996777971e-01
8.331599773189400926e-01,-4.076354248044338768e-01,3.737349497149174415e-01,-5.516243692363816953e-01,-5.643653321274173518e-01,6.141679958751298241e-01,3.943358287636334475e-02,7.178614994114244086e-01,6.950682414010256327e-01
8.335406472416984069e-01,-4.073461865547681193e-01,3.732011169532842287e-01,-5.511441352405007654e-01,-5.665723517491267902e-01,6.125650270979114964e-01,3.808059329752920552e-02,7.162854560388282055e-01,6.967675465184617334e-01
8.341132781099986904e-01,-4.069107745103767160e-01,3.723958389509170464e-01,-5.504372596097689696e-01,-5.703520186713448847e-01,6.096863111722373718e-01,3.569121059700495341e-02,7.135279927128912458e-01,6.997170435977908554e-01
8.345778059428451412e-01,-4.064949634140270218e-01,3.718087284433433393e-01,-5.499625034144317581e-01,-5.756378273263653700e-01,6.051300162684978279e-01,3.195513520168764832e-02,7.095089403735586053e-01,7.039715426522803465e-01
8.350871354861471030e-01,-4.057425985716895944e-01,3.714867694142472421e-01,-5.494823175866379028e-01,-5.827658737243121001e-01,5.987095448395288733e-01,2.643215475814807841e-02,7.041000497987706108e-01,7.096086675543148425e-01
8.360171561514332383e-01,-4.050783637626473865e-01,3.701173244146325758e-01,-5.480952840421389194e-01,-5.847571449697549495e-01,5.980389962348509059e-01,2.582390813252439035e-02,7.028304209538726033e-01,7.108885462226587348e-01
8.368424427521652387e-01,-4.038345671269383819e-01,3.696111042731095586e-01,-5.469422115951747543e-01,-5.878550699975539917e-01,5.960542205651686576e-01,2.342953657177744911e-02,7.009593847517625598e-01,7.128162440239856901e-01
8.376676956081684500e-01,-4.037341504186546803e-01,3.678472067587679750e-01,-5.458435701356950664e-01,-5.951759551696182982e-01,5.897629857234611972e-01,1.917364535030496864e-02,6.948124338076140383e-01,7.189353608985448174e-01
8.381969003685536546e-01,-4.030402199153126919e-01,3.674024188041846162e-01,-5.451601304686712890e-01,-6.006262365932052427e-01,5.848491737732598450e-01,1.504620749326556102e-02,6.905119152096508284e-01,7.231645086656078858e-01
8.397851071852288074e-01,-4.013809260644248256e-01,3.655876446784803724e-01,-5.427583074995788737e-01,-6.042919491447756863e-01,5.833049458379390151e-01,1.320580895238453872e-02,6.882765377306369059e-01,7.253282113770569417e-01
8.411989223840523611e-01,-3.998077571494220717e-01,3.640578666957467457e-01,-5.405960658664824559e-01,-6.070790231173025520e-01,5.824181944793822563e-01,1.184341798599466283e-02,6.867378080563867337e-01,7.268087206661174582e-01
8.424152662832606886e-01,-3.985071728795054335e-01,3.626686535895915497e-01,-5.387451570738902573e-01,-6.110751258212335779e-01,5.799490032166565445e-01,9.496044562479970946e-03,6.839438747193719026e-01,7.294728242858123934e-01
8.428233094618311494e-01,-3.979708974947552269e-01,3.623093067739572293e-01,-5.381457950664347845e-01,-6.145198410720004167e-01,5.768574071476920695e-01,6.926202431425602934e-03,6.811640989336287255e-01,7.320980112278795415e-01
8.430006128973380752e-01,-3.976824631187232395e-01,3.622135077306437578e-01,-5.378913855324094495e-01,-6.172310369267698382e-01,5.741939606303160248e-01,4.777449605891453781e-03,6.788773862650967494e-01,7.342361135173983699e-01
8.429043078283877666e-01,-3.970868779678486948e-01,3.630899877304434309e-01,-5.380590601736382483e-01,-6.193113075149644375e-01,5.717918783518761705e-01,2.185316775185141853e-03,6.773296950007819950e-01,7.356763613578595207e-01
8.430226491158405722e-01,-3.964084603141944663e-01,3.635562482877169321e-01,-5.378776061373939932e-01,-6.221782567777354167e-01,5.688425947561636109e-01,-7.027756518831741695e-04,6.750959556865587796e-01,7.377295959374512435e-01
8.435097216505248463e-01,-3.948343570879152553e-01,3.641389569162120088e-01,-5.371030166273397244e-01,-6.243717119930428661e-01,5.671686828384376877e-01,-3.420381684221893235e-03,6.739924300211755925e-01,7.387303332497486830e-01
8.440865031590709666e-01,-3.933257379302795287e-01,3.644349586226504067e-01,-5.361654371472642788e-01,-6.275824147391165786e-01,5.645059226606065073e-01,-6.678262751256555142e-03,6.718892591728347075e-01,7.406215121199252183e-01
8.447813591490939134e-01,-3.911443349132814884e-01,3.651719656537947833e-01,-5.349837014392909706e-01,-6.322735229456456496e-01,5.603772223923967344e-01,-1.170018925168514468e-02,6.687572814161718560e-01,7.433887301569255257e-01
8.448307232780860598e-01,-3.896821828799367782e-01,3.666181192349250995e-01,-5.347279910920833546e-01,-6.381258966637407548e-01,5.539506436043938331e-01,-1.808382006245456974e-02,6.640354932931105125e-01,7.474823336366712700e-01
8.440032130969903346e-01,-3.895678367472986126e-01,3.686400369655830067e-01,-5.357717409882878368e-01,-6.439711597682270527e-01,5.461225017751455413e-01,-2.464179052616237778e-02,6.584360606458269372e-01,7.522331661133200287e-01
8.422824457111292018e-01,-3.909308530117751590e-01,3.711244397912434323e-01,-5.381353299192127571e-01,-6.496295490200162392e-01,5.370212432788765700e-01,-3.115522973143646304e-02,6.520387390359073665e-01,7.575452689158882480e-01
8.407035758147816118e-01,-3.927635214793424034e-01,3.727657626544934599e-01,-5.402065731972914842e-01,-6.558082046267319498e-01,5.273447231353526332e-01,-3.734107506056789927e-02,6.447111096758058046e-01,7.635137386936218240e-01
8.391051708584831292e-01,-3.946552246776496853e-01,3.743658182489279507e-01,-5.422423715348326789e-01,-6.616406362950015829e-01,5.178850054939083680e-01,-4.330961499293537603e-02,6.375569951288894144e-01,7.691848641330542025e-01
8.383094818731482434e-01,-3.955378197437712795e-01,3.752159987979161726e-01,-5.429255844744471649e-01,-6.683858781785416703e-01,5.084212107835189842e-01,-4.968925763838245163e-02,6.299286872367725332e-01,7.750618211933176793e-01
8.390254272697846849e-01,-3.947916326216288074e-01,3.744007200937308211e-01,-5.410641165425481569e-01,-6.779034785029102173e-01,4.976911649041859675e-01,-5.732324297165071469e-02,6.201503371325397529e-01,7.823858416213895772e-01
8.395627471418639631e-01,-3.945559612686413420e-01,3.734434187919030701e-01,-5.395011438665460179e-01,-6.862808773845093802e-01,4.878084389420050959e-01,-6.381934956025983596e-02,6.110189446847994477e-01,7.890392511516644003e-01
8.404098646962623320e-01,-3.938718717692251126e-01,3.722582543748585437e-01,-5.374304842090407153e-01,-6.942227737305060042e-01,4.787726131231382909e-01,-6.985509261353708976e-02,6.024281609145852867e-01,7.951104181011745542e-01
8.412270367784538960e-01,-3.932341983103735950e-01,3.710848122358818002e-01,-5.355868071397179575e-01,-7.000536904698666518e-01,4.723045653785310494e-01,-7.405298515809037585e-02,5.960634997537750390e-01,7.995151403509862531e-01
8.411948237084149183e-01,-3.941154246389467208e-01,3.702219612986666908e-01,-5.353556228875288037e-01,-7.033233465571018250e-01,4.676864625263645880e-01,-7.606330001304707766e-02,5.916158400933677619e-01,8.026238671642801359e-01
8.392689257937886449e-01,-3.978508269609553616e-01,3.705973417112218282e-01,-5.383966913486820660e-01,-7.032188728727841731e-01,4.643406288279364191e-01,-7.587274175705079060e-02,5.892350433587733027e-01,8.043913169199755631e-01
8.358456837205582302e-01,-4.035268233960414563e-01,3.721936267665152398e-01,-5.437567930574903619e-01,-7.017418400514799925e-01,4.603117855595225127e-01,-7.543568790397423007e-02,5.871324320126272145e-01,8.059683394956602687e-01
8.312702128860427475e-01,-4.109957499451388219e-01,3.742623768099399006e-01,-5.508343636459618331e-01,-6.994638275316751308e-01,4.553370815137794958e-01,-7.464138928999593248e-02,5.846647308515977581e-01,8.078340272005676281e-01
