-4.981811932797483022e-01,7.787781864206151372e-01,-3.812086502399750776e-01,6.375800937624251929e-01,3.106428565952537926e-02,-7.697575164909795653e-01,5.876283882695451100e-01,6.265297650645824667e-01,5.120091120164323995e-01
-4.997860876445815448e-01,7.765481412216737045e-01,-3.836493854577204821e-01,6.465631976737274966e-01,3.975284478547007339e-02,-7.618239578441903248e-01,5.763418239299029633e-01,6.288025888119627149e-01,5.219553681039467152e-01
-5.027750322463107047e-01,7.749095377582213562e-01,-3.830567519846906910e-01,6.512292323932310500e-01,4.815147049705770232e-02,-7.573519147434002452e-01,5.684344762822223229e-01,6.302353879149525939e-01,5.288531005803454033e-01
-5.035928143959154113e-01,7.741182196012903471e-01,-3.835821416204480694e-01,6.579235969932473171e-01,5.587244898182548714e-02,-7.510091943273666804e-01,5.599382267788727274e-01,6.305705761658255692e-01,5.374476073680390931e-01
-5.028655261751087124e-01,7.732365202153704820e-01,-3.863049914120398887e-01,6.624099810763178775e-01,5.763269093419501332e-02,-7.469213411773396594e-01,5.552830625501765649e-01,6.314932752934973026e-01,5.411810821748928024e-01
-5.044189240914154215e-01,7.712404440150679719e-01,-3.882650210022789983e-01,6.644588916345419705e-01,5.955114688774958143e-02,-7.449483487008683458e-01,5.514126679232671524e-01,6.337521900710046951e-01,5.424962960555121949e-01
-5.037746540088627878e-01,7.693806533089316835e-01,-3.927652075886718941e-01,6.720604189773377035e-01,6.342045451796324285e-02,-7.377754666514337867e-01,5.427208225434660971e-01,6.356345304203169233e-01,5.490199017477298549e-01
-5.058093425076454208e-01,7.677388372642539593e-01,-3.933624115089233153e-01,6.703765407586246283e-01,6.284460329804003598e-02,-7.393550225952426613e-01,5.429108606691187555e-01,6.376736105504475782e-01,5.464614934055944673e-01
-5.071995733505344495e-01,7.664627504072178965e-01,-3.940602048307326744e-01,6.746423240481017602e-01,6.857853018953551094e-02,-7.349521887851065971e-01,5.362894063805585532e-01,6.386171289867244028e-01,5.518712124841647082e-01
-5.101823504406062249e-01,7.643076250313520781e-01,-3.943955167314061039e-01,6.750457268898282237e-01,7.169642699427976329e-02,-7.342839293924642297e-01,5.329420568004389347e-01,6.408537092622527132e-01,5.525208479488621371e-01
-5.117659247512444942e-01,7.636842799045405750e-01,-3.935504527886957704e-01,6.756658450891716017e-01,7.483857536918497866e-02,-7.333995182822562464e-01,5.306329277791183019e-01,6.412374819545365590e-01,5.542952170938933998e-01
-5.137020300294742325e-01,7.624646999212375542e-01,-3.933926864058536199e-01,6.764088169428184028e-01,7.784126619131703784e-02,-7.324014265686201730e-01,5.278080491102939975e-01,6.423303812305233285e-01,5.557250620969294008e-01
-5.144882031934809863e-01,7.623749754974850079e-01,-3.925382599313767540e-01,6.792937089752714153e-01,8.298488726029161489e-02,-7.291594924521085375e-01,5.233182069461783659e-01,6.417927276166399686e-01,5.605712702743789189e-01
-5.136641838002312666e-01,7.628855527334873488e-01,-3.926254445541749183e-01,6.856854166322103872e-01,8.993561429573555810e-02,-7.223206315059543803e-01,5.157369636731056195e-01,6.402477791541096863e-01,5.692962019805469787e-01
-5.134272379809394771e-01,7.645837832118423938e-01,-3.896204688523569604e-01,6.844742821876318439e-01,9.103406707478259308e-02,-7.233310138902866449e-01,5.175784272194792202e-01,6.380630353509681996e-01,5.700773058066067600e-01
-5.132053531862331708e-01,7.661297219287542815e-01,-3.868662748784951200e-01,6.882589403541019557e-01,9.807290753841044206e-02,-7.188054923479723080e-01,5.127571515675253266e-01,6.351589989792569835e-01,5.776271717397178929e-01
-5.117475814747203255e-01,7.678524737733717354e-01,-3.853790230083725676e-01,6.934481744009964865e-01,1.043562558910138965e-01,-7.129091115116532595e-01,5.071923129097086758e-01,6.320698935849756728e-01,5.858699577114169221e-01
-5.099494534915864907e-01,7.701925238177550481e-01,-3.830861928324602039e-01,6.971139501859103804e-01,1.091082149427794884e-01,-7.086095807200156749e-01,5.039679507070148334e-01,6.284097975741917974e-01,5.925516272637642023e-01
-5.084158876162411245e-01,7.716337162406144978e-01,-3.822233550950128178e-01,6.995279751071435959e-01,1.112476557741548244e-01,-7.058927476091922948e-01,5.021691918685267098e-01,6.262630174658676552e-01,5.963394467018403589e-01
-5.064543963947883976e-01,7.743743456221167110e-01,-3.792734069437366240e-01,7.032503836954252519e-01,1.164339889855793564e-01,-7.013430145379243585e-01,4.989417222528377271e-01,6.219224220521596402e-01,6.035475612941764156e-01
-5.044255433053685955e-01,7.770763742608793878e-01,-3.764401410937067149e-01,7.058379310784838045e-01,1.199822962201562704e-01,-6.981382840416251456e-01,4.973406139779156243e-01,6.178645135944490496e-01,6.090121152561462914e-01
-5.026947960181089581e-01,7.793684542149940109e-01,-3.740090301461231337e-01,7.069671203035891027e-01,1.216560413925990985e-01,-6.967045990965854418e-01,4.974891283897197591e-01,6.146418633376790064e-01,6.121437306440564718e-01
-5.031920658713864292e-01,7.807519880101160270e-01,-3.704376844522403456e-01,7.047581252581454070e-01,1.226785881440433101e-01,-6.987602943024222579e-01,5.001137167952006690e-01,6.126796040584633340e-01,6.119721995679656690e-01
-5.073769451342013959e-01,7.803046939347185740e-01,-3.656408349319463236e-01,6.996377874209281922e-01,1.253097360340177380e-01,-7.034233692932253534e-01,5.030662003742987221e-01,6.127169449905314202e-01,6.095099206431641159e-01
-5.151762370068960761e-01,7.784082168989890915e-01,-3.587117125039984700e-01,6.946837659334208492e-01,1.340954139516048471e-01,-7.067056567664565803e-01,5.020038945784935924e-01,6.132691642511343133e-01,6.098303223083784141e-01
-5.229113406733907343e-01,7.760248422198471330e-01,-3.526317825335917311e-01,6.915935340134080622e-01,1.444350473280929248e-01,-7.076983120046115294e-01,4.982590827130017330e-01,6.139413338104815487e-01,6.122204873515791901e-01
-5.321072793430817738e-01,7.725505723425422078e-01,-3.464497892095105835e-01,6.892103683770024469e-01,1.575508516792657465e-01,-7.072247148232125857e-01,4.917833988574033532e-01,6.150962057339879330e-01,6.162838195993070034e-01
-5.401953540292336875e-01,7.699805861623980618e-01,-3.395863313183261067e-01,6.862988057472759751e-01,1.695531628114947398e-01,-7.072804777529779763e-01,4.870143003188849851e-01,6.151273217096018264e-01,6.200285875435734839e-01
-5.433641965706024202e-01,7.690353429943530550e-01,-3.366600527397650144e-01,6.864279902244762033e-01,1.761316371162231220e-01,-7.055453639867148574e-01,4.832928347509099498e-01,6.144609732377773748e-01,6.235910103955258910e-01
-5.443393548441332053e-01,7.688779780595544899e-01,-3.354419795179544028e-01,6.867392590903954597e-01,1.788018446941173345e-01,-7.045701458037760823e-01,4.817508243810766921e-01,6.138864350912404122e-01,6.253475737692766323e-01
-5.438825072987232279e-01,7.692020790222159343e-01,-3.354399795527579498e-01,6.864542326077739398e-01,1.778981268967797791e-01,-7.050764802356473959e-01,4.826721504181967770e-01,6.137429576577784207e-01,6.247777021758664784e-01
-5.418289322348697201e-01,7.701997567613242390e-01,-3.364724994379453826e-01,6.865192522897201055e-01,1.746062713723100790e-01,-7.058356510073880985e-01,4.848842381731796602e-01,6.134370258488284211e-01,6.233636907046793407e-01
-5.408526382510978614e-01,7.705535487404945316e-01,-3.372323415988702777e-01,6.857570944258049028e-01,1.718003400093538469e-01,-7.072636358652613087e-01,4.870478735622455480e-01,6.137848741180420564e-01,6.213312298302692271e-01
-5.428738909130519374e-01,7.699545604906501417e-01,-3.353474516744880951e-01,6.821931069548098359e-01,1.714146949633606198e-01,-7.107950247251040299e-01,4.897963897256358834e-01,6.146437806813535021e-01,6.183142562495753669e-01
-5.432252889676533192e-01,7.696963640651941496e-01,-3.353711266206877428e-01,6.816386468268548215e-01,1.711064415689405316e-01,-7.114009704840643655e-01,4.901785802930024860e-01,6.150529186975979279e-01,6.176041342344639196e-01
-5.478120837633495555e-01,7.685072538522651486e-01,-3.306032692810327300e-01,6.778226129811613099e-01,1.760892355699737455e-01,-7.138270704083536922e-01,4.903656046403001012e-01,6.151334667312718940e-01,6.173754059670019112e-01
5.549980377162585521e-01,-7.665528015602918188e-01,3.230696218327730462e-01,6.727935848263330021e-01,1.852393478163733842e-01,-7.162647389318405056e-01,-4.892095362394678904e-01,-6.148846936138786523e-01,-6.185392818663437708e-01
5.637698307599741110e-01,-7.638322813350922891e-01,3.142034753393066482e-01,6.677259947637581572e-01,1.976089073797061557e-01,-7.176995998612150096e-01,-4.861127172185680245e-01,-6.144192100794272360e-01,-6.214366101572657008e-01
