-7.347517690558967585e-02,7.093600395069200593e-01,7.010062287379716928e-01,-6.371159146899038062e-01,-5.741589407989992067e-01,5.142225412692629227e-01,7.672579159758077250e-01,-4.088396324371116886e-01,4.941310001620499159e-01
-1.379273584189220567e-02,7.666749192953418168e-01,6.418873176512193135e-01,-6.495860041902790094e-01,-4.949022139716194868e-01,5.771566700351786761e-01,7.601629980458812774e-01,-4.090004483242903888e-01,5.048473528428436552e-01
-3.687973876467895429e-02,7.441909281172405244e-01,6.669480844688360222e-01,-6.459697635126419035e-01,-5.269747296233119327e-01,5.522867905045883985e-01,7.624716056982521195e-01,-4.104601038425512161e-01,5.001595282082422766e-01
-2.823752722994919417e-01,5.711137456652034539e-01,7.707744774615007399e-01,-6.080752423336465151e-01,-7.279966546887224332e-01,3.166470755003195636e-01,7.419627384543405757e-01,-3.792755729997512315e-01,5.528483828962923452e-01
-1.953392769237173032e-01,6.820186309455928964e-01,7.047646088830075151e-01,-6.390316823006410019e-01,-6.336316234648806667e-01,4.360613199554312369e-01,7.439630877314629132e-01,-3.651870107059655424e-01,5.596046562571728167e-01
-2.345922500754881179e-01,6.348252388425632553e-01,7.361816299888241932e-01,-6.258269015251739509e-01,-6.781269435355937736e-01,3.853369146324739924e-01,7.438461974977893520e-01,-3.703252146148797164e-01,5.563740377556481986e-01
2.140456277758537584e-01,9.050298425983754891e-01,3.675669370827586713e-01,-6.770581857743347420e-01,-1.337801337043968142e-01,7.236678028639942362e-01,7.041141117077597267e-01,-4.037621327370778945e-01,5.841228105985923902e-01
1.688844662441204569e-01,9.080716373193733482e-01,3.832544044855207832e-01,-6.822552506509594883e-01,-1.729266063021115130e-01,7.103690321178361966e-01,7.113408536142397098e-01,-3.814476246209263510e-01,5.903320249236169159e-01
-6.793260661023120539e-02,7.735982448693582425e-01,6.300245364223430178e-01,-6.469776993216086458e-01,-5.148653676938407253e-01,5.624353382656575029e-01,7.594768051360474281e-01,-3.694041265125971862e-01,5.354769591455894595e-01
-5.758949457843727526e-02,8.061277283114646197e-01,5.889325392280494453e-01,-6.387776210708454583e-01,-4.831056951309762870e-01,5.988088494261654127e-01,7.672330812297342151e-01,-3.417118273917573168e-01,5.427581653805995110e-01
-3.022272183560591463e-01,5.673209094923322704e-01,7.660324367398235745e-01,-5.469748912656240414e-01,-7.613620171415191873e-01,3.480608383302484787e-01,7.806901925922455909e-01,-3.138070498044770451e-01,5.404146173849229129e-01
-3.000879728763815590e-01,6.071868934175692623e-01,7.357114142086322861e-01,-5.403554576866953507e-01,-7.437852378892810812e-01,3.934456750889350762e-01,7.861063464208556395e-01,-2.794773628756130890e-01,5.512977559875845701e-01
-4.541617171838199241e-01,3.775329783776453785e-01,8.069733483095637983e-01,-4.450480864710974482e-01,-8.808046319856032147e-01,1.616026020864784474e-01,7.717961747592805288e-01,-2.857482292333770046e-01,5.680480737727491292e-01
4.578216183854529886e-01,-4.107836893846932846e-01,-7.884517272949722599e-01,4.376940498871687568e-01,8.760737341268918232e-01,-2.022837884417175991e-01,7.738367298289049456e-01,-2.524907382627421537e-01,5.808830714173394139e-01
4.580860315485607570e-01,-3.985983273688663009e-01,-7.945291442853642527e-01,4.384977898026286569e-01,8.788328792532649203e-01,-1.880756727533522410e-01,7.732249841011997749e-01,-2.622444351404970564e-01,5.773655516217960360e-01
4.894861297465237238e-01,-3.222005318267094909e-01,-8.103025028199998259e-01,-4.196718010855688408e-01,-9.015843251206572262e-01,1.049823036055331504e-01,7.643813892026445345e-01,-2.886737292988664216e-01,5.765314994458849984e-01
4.919184759671548224e-01,-3.538394526825254238e-01,-7.954959803339568536e-01,-4.123086913212686277e-01,-8.994151403260722821e-01,1.450997877778420764e-01,7.668231582725542061e-01,-2.566126401359895559e-01,5.883300067643520981e-01
4.906558206120998911e-01,-3.439682192527424576e-01,-8.005889893344553254e-01,-4.145398143324707241e-01,-9.002969085926254555e-01,1.327487051227357329e-01,7.664291278602788360e-01,-2.667420861481357708e-01,5.843244402253536807e-01
-4.449851586212410504e-01,3.923449644865091290e-01,8.050177870388381951e-01,-4.604665377542676019e-01,-8.712298666844432438e-01,1.700855285014113427e-01,7.680877399200081168e-01,-2.949982173489982262e-01,5.683460878245637504e-01
-4.517695286075379957e-01,4.281212962108255637e-01,7.826981849681813319e-01,-4.517464258952503808e-01,-8.663183696293729197e-01,2.131141692463743575e-01,7.693045298921552533e-01,-2.573026198340538917e-01,5.847785068843949219e-01
-4.484897973842695840e-01,4.181155429331887552e-01,7.899596789709599776e-01,-4.539417691808153021e-01,-8.679124767010588659e-01,2.016551585742989983e-01,7.699310175822301483e-01,-2.681554130431063054e-01,5.790500001040264078e-01
5.162732807247477629e-01,-2.679314988757852678e-01,-8.134338396697552431e-01,-3.967743636923919959e-01,-9.165495709293557391e-01,5.006983468827676947e-02,7.589677225852250464e-01,-2.968999763209638765e-01,5.794984039101468420e-01
5.116289423482086596e-01,-3.312299084736769483e-01,-7.927941555562660891e-01,-4.018413427789371273e-01,-9.078179201711947810e-01,1.199589890323648350e-01,7.594467463787529793e-01,-2.572029773322344615e-01,5.975677935315455436e-01
5.133087396067252950e-01,-3.079811394872766228e-01,-8.010379239233768045e-01,-3.984261982490525655e-01,-9.122238172549107516e-01,9.541630773450275604e-02,7.601122959090729214e-01,-2.701764700209798309e-01,5.909602124126809297e-01
5.087449617081897246e-01,-3.318404358888309980e-01,-7.943931577283653844e-01,-4.039302302320346150e-01,-9.068665885662974269e-01,1.201389181190735678e-01,7.602755638853772036e-01,-2.597593417978199537e-01,5.954041915434715726e-01
5.035053037181648206e-01,-3.941724755043457540e-01,-7.688370885190533022e-01,-4.148422555100619857e-01,-8.908746983113622342e-01,1.850626244058052872e-01,7.578841020703646070e-01,-2.257660990127078049e-01,6.120795343462984706e-01
5.061250454849398617e-01,-3.701490744978566672e-01,-7.789910788842498990e-01,-4.094818180288292142e-01,-8.980575959194164737e-01,1.606773011823457165e-01,7.590534098709210697e-01,-2.376598768404495077e-01,6.060987575498815172e-01
5.889298701715521833e-01,-1.756988345060502832e-01,-7.888545668074274930e-01,3.048651154311883826e-01,9.522693115087542681e-01,1.550547489667239605e-02,-7.484777013464378737e-01,2.496258758860119276e-01,-6.143842874580159874e-01
5.690973488820620929e-01,-2.857227291883741582e-01,-7.710322493388692688e-01,3.414850572553808083e-01,9.351262628092406048e-01,-9.448189390413898325e-02,-7.480081304148361587e-01,2.095265964730270714e-01,-6.297479195707843536e-01
5.762144486109080921e-01,-2.444613603188012241e-01,-7.798817554752182080e-01,3.263755378069600477e-01,9.436586520018614976e-01,-5.465671800654114260e-02,-7.493036217270303556e-01,2.230403367400393411e-01,-6.235359577872355841e-01
5.539515692200991381e-01,-1.956911307298186686e-01,-8.092234798325335099e-01,3.308521294076987584e-01,9.436810378410278588e-01,-1.722581107609558789e-03,-7.639859471384152778e-01,2.667790849616327176e-01,-5.874984190634497949e-01
5.501276459750465975e-01,-2.833945947282397460e-01,-7.855234412878914219e-01,3.425681866203945658e-01,9.344500901946660720e-01,-9.721145226152487495e-02,-7.615816506780932471e-01,2.156166334353566416e-01,-6.111488008140362194e-01
5.494405871197503011e-01,-2.575216062542777795e-01,-7.948570082333811238e-01,3.403104218743191467e-01,9.378076405649911074e-01,-6.859771178141955972e-02,-7.630883684012143009e-01,2.328077567654062985e-01,-6.029068671035622273e-01
5.730778911803435793e-01,-2.545596754201308043e-01,-7.789615537947217616e-01,3.189926671907247768e-01,9.448566379368942281e-01,-7.409191605793614965e-02,-7.548678089035439909e-01,2.060225846760163904e-01,-6.226791193580972772e-01
5.733687813788779231e-01,-3.425858138515415763e-01,-7.442332972178663519e-01,3.389201203395408868e-01,9.261913235433641978e-01,-1.652355416428989143e-01,-7.459097750861906073e-01,1.574947375015048334e-01,-6.471584157609331367e-01
6.216508811655171440e-01,-1.178242435157267481e-01,-7.743820953418811825e-01,2.606590925264257730e-01,9.633949188596664381e-01,6.266632108777900334e-02,-7.386521640321891402e-01,2.408063079641459547e-01,-6.296072606119161863e-01
6.301694054951687551e-01,-1.828238370736482987e-01,-7.546270370027388097e-01,2.605671126563646189e-01,9.653185447504569749e-01,-1.627534831531668100e-02,-7.314309948175498066e-01,1.863747615921413359e-01,-6.559520928098950820e-01
6.291901777330273227e-01,-1.557525163085506092e-01,-7.614859643538002265e-01,2.551499746138484181e-01,9.668131197713067948e-01,1.307218010224356873e-02,-7.341785959143966034e-01,2.025180117955628079e-01,-6.480495692457006740e-01
6.069430693229285190e-01,6.278401265992188118e-02,-7.922614961962883839e-01,1.612710718170557722e-01,9.664050335459113406e-01,2.001323375471947275e-01,-7.782106090229307105e-01,2.492377958726263720e-01,-5.764275922548420805e-01
6.228032803230379999e-01,2.239487160645531674e-03,-7.823752671935129133e-01,1.600360084294395746e-01,9.784873193607238617e-01,1.301961668262047733e-01,-7.658358505742829392e-01,2.062948146404119665e-01,-6.090467136662365277e-01
6.175965251390503896e-01,2.905515937019222117e-02,-7.859582239853100116e-01,1.552420396519300083e-01,9.751534928272111991e-01,1.580366240831476976e-01,-7.710216866346099041e-01,2.196166276511464510e-01,-5.977408264442531927e-01
6.381745101493142558e-01,-9.620578979039189071e-02,-7.638571467273768123e-01,2.497313024271035631e-01,9.643826780251216757e-01,8.717985382619479473e-02,-7.282633940984163390e-01,2.463950006308998908e-01,-6.394700403305489944e-01
6.561828336801071027e-01,-1.115848607195441267e-01,-7.463061755350447468e-01,2.220164276737587872e-01,9.737800328735786159e-01,4.961001330089033490e-02,-7.212023257217961003e-01,1.982454701498418403e-01,-6.637514135115196723e-01
6.507602320975452992e-01,-1.039841151293617871e-01,-7.521292602479389133e-01,2.282472755761783267e-01,9.715520364432246314e-01,6.316503522578938157e-02,-7.241645541673525921e-01,2.127767475167028910e-01,-6.559815197121123820e-01
7.124720913234279251e-01,1.665998432427331921e-01,-6.816362749419357936e-01,1.055670813574334094e-01,9.349014203191917671e-01,3.388435119916434202e-01,-6.937139975659237789e-01,3.133748977130341729e-01,-6.485037109103161113e-01
7.224865913541751450e-01,1.421385585482173863e-01,-6.766164020235250209e-01,8.223859316600987124e-02,9.540237876258101934e-01,2.882280805858084549e-01,-6.864764665358170648e-01,2.638849044904594821e-01,-6.775801193029209468e-01
7.196880600464461430e-01,1.508178022524014894e-01,-6.777190323064109512e-01,8.975724749908775557e-02,9.477202571898823980e-01,3.062187953626142600e-01,-6.884713013248773272e-01,2.812122057018485721e-01,-6.685259625596683408e-01
7.485466833729540470e-01,1.609110026713281294e-01,-6.432616202064744826e-01,1.221017670511975739e-01,9.200695535902911892e-01,3.722407487623273781e-01,-6.517430638636103613e-01,3.571829584057319429e-01,-6.690674950482973227e-01
7.548404170804974278e-01,1.107624976357661911e-01,-6.464886803798089998e-01,1.094709986060651841e-01,9.505392768595816166e-01,2.906736720300852062e-01,-6.467086246571411845e-01,2.901839972582042071e-01,-7.053801829717920580e-01
7.533908691620855302e-01,1.290852507976438523e-01,-6.447784086720854679e-01,1.125786160122635854e-01,9.407456965529863435e-01,3.198805865222199563e-01,-6.478643789250656537e-01,3.135833739909461571e-01,-6.942169791041514770e-01
6.920588165832946004e-01,2.402602330494350014e-01,-6.806831970927162967e-01,1.156140287931310545e-01,8.939145970171594735e-01,4.330705365017011310e-01,-7.125222738522293264e-01,3.784068097361372729e-01,-5.908640246366059223e-01
6.990244647012917589e-01,1.609328513624755375e-01,-6.967534823030425706e-01,1.025547001011590381e-01,9.417140295675798800e-01,3.204016541822979902e-01,-7.077056812236527383e-01,2.954239392262161257e-01,-6.417767251122710181e-01
6.958614434220555811e-01,1.900015056361391563e-01,-6.925866584150851546e-01,1.089427911037275098e-01,9.252822936478922733e-01,3.632962225625606667e-01,-7.098650011270473126e-01,3.282561574711072017e-01,-6.231689780927809341e-01
7.440086592873708105e-01,2.007357929155217241e-02,-6.678683749960279137e-01,1.874835464426098663e-01,9.531219155217046657e-01,2.375048082998273691e-01,6.413275564941142148e-01,-3.019199654985765813e-01,7.053674926693372926e-01
-7.464979492712728870e-01,3.227709317837147013e-02,6.646043943503070484e-01,1.011715563195671741e-01,9.927153455916948310e-01,6.542597969185048878e-02,-6.576512205764242225e-01,1.160794205822741204e-01,-7.443254934446505988e-01
7.453854191806417173e-01,-1.408929577755458490e-02,-6.664848600061301642e-01,1.286973641834749660e-01,9.840099986671810850e-01,1.231312753740503585e-01,6.540929332481159042e-01,-1.775551020599148988e-01,7.352799605642522662e-01
-7.040313498937468273e-01,1.173133965895568481e-01,7.004123252395051402e-01,-3.138129445862001821e-01,-9.361384334241757976e-01,-1.586388012948546089e-01,6.370724402898997329e-01,-3.314851436290189857e-01,6.958852673942176326e-01
-7.125023864608817092e-01,1.414209617297152444e-01,6.872702968054058559e-01,-1.521577365622486244e-01,-9.873121604458126033e-01,4.541718881739965907e-02,6.849732640707968390e-01,-7.221363734963366643e-02,7.249805639387406631e-01
-7.099436162752643664e-01,1.379987570592638713e-01,6.906058244469837071e-01,-1.929644484360297230e-01,-9.812030508952663821e-01,-2.300989700173465460e-03,6.773070081947910603e-01,-1.348959449498751129e-01,7.232276962937063125e-01
6.898754987083964840e-01,1.563706613965174519e-01,-7.068380384050200194e-01,4.799638064381932523e-01,6.321500916425392136e-01,6.082935197301462260e-01,5.419469907575843459e-01,-7.589034707331000496e-01,3.610526018713249297e-01
7.201993229104599603e-01,1.812533206667678864e-01,-6.696716874906573080e-01,-6.720180750728238506e-02,9.789554605225183614e-01,1.926917833767133326e-01,6.905047808285393884e-01,-9.377334408249370090e-02,7.172236105933190720e-01
5.116882961871191959e-01,4.166792516207140640e-01,-7.513677453909797244e-01,3.851499711997055653e-01,6.704883845780987839e-01,6.341173596667395440e-01,7.680068926969266796e-01,-6.138596968482721294e-01,1.825970573567883837e-01
4.838261449548669768e-01,5.132436113444948100e-01,-7.088675876862853276e-01,8.322802742436608003e-02,7.793275693526731107e-01,6.210649201958705623e-01,8.711976566251548038e-01,-3.594850971332685940e-01,3.343428001765903490e-01
4.912582047100446103e-01,4.809924097216924377e-01,-7.261622945975536592e-01,1.890399270310673951e-01,7.549478189357674562e-01,6.279472085073842802e-01,8.502524814977918677e-01,-4.457578854874558738e-01,2.799475401438630828e-01
4.569433253104885351e-01,2.668353850690065587e-01,-8.485291242669682488e-01,8.353697578888416020e-01,1.989523849307822945e-01,5.124210340482637793e-01,-3.055489568938685174e-01,9.429829403575807900e-01,1.319962466725479178e-01
5.236939492640798610e-01,2.911421210962075734e-01,-8.006128357875561541e-01,8.406258169519320589e-01,-2.417297387600342989e-02,5.410766149150103566e-01,-1.381770001776264079e-01,9.563743684653990274e-01,2.574008235501997199e-01
3.417761410443868053e-01,2.840386354205609032e-01,-8.958298515908216242e-01,-8.699355044316940955e-01,-2.649973258761940120e-01,-4.159190250609366979e-01,3.555295874353939234e-01,-9.214653932009013726e-01,-1.565255301576281843e-01
4.110026778312243501e-01,3.485682355683513700e-01,-8.423639260844025811e-01,8.720826321023328331e-01,1.188862190854437090e-01,4.746977456203426149e-01,-2.656100178853016414e-01,9.297129944581468131e-01,2.551177499403667892e-01
3.862595914440167255e-01,3.259157815917236301e-01,-8.628919001398481781e-01,8.734434529040828732e-01,1.714538961221137581e-01,4.557412600188188168e-01,-2.964794471738210202e-01,9.297217136401640936e-01,2.184432937617955262e-01
5.483523364628641872e-01,3.016252273129323980e-01,-7.799563688720922983e-01,-6.930345661568402260e-01,-3.580451967056508256e-01,-6.257049841800944590e-01,4.679880395987892072e-01,-8.836435137341489554e-01,-1.270178837992701204e-02
5.967920565915577624e-01,3.459577213282777342e-01,-7.239837679413571037e-01,-6.911917175179640438e-01,-2.366265816355381246e-01,-6.828337063283032027e-01,4.075453972550622805e-01,-9.079213159282170098e-01,-9.790624729499067258e-02
5.774883223987091752e-01,3.283440847812415520e-01,-7.474606340686401618e-01,-6.867761317552678602e-01,-2.996459036385419328e-01,-6.622317398644621544e-01,4.414133916686212578e-01,-8.957692193985068441e-01,-5.245687022491796192e-02
4.856378547207443885e-01,2.862689650572404765e-01,-8.259575980080876567e-01,8.501944790972023602e-01,6.505091492314110657e-02,5.224344228516137889e-01,-2.032860589781542715e-01,9.559385221407903366e-01,2.117931068576398290e-01
5.536092236496383823e-01,2.522419365909739364e-01,-7.936566215403735303e-01,8.318990239687348298e-01,-1.237676474494839585e-01,5.409487807220625388e-01,-3.822095511510163746e-02,9.597164033555199980e-01,2.783587320714657198e-01
5.255340461478791303e-01,2.650869425912126820e-01,-8.084199893663452929e-01,8.460671949463536290e-01,-6.304291578878376545e-02,5.293353307729014023e-01,-8.935473112850474131e-02,9.621613708918536068e-01,2.574125645504919957e-01
2.152840661840648706e-01,3.763600209616964065e-01,-9.011137028527347326e-01,-4.324454605724867839e-01,8.640854267289310719e-01,2.575796943567774666e-01,8.755819176282169103e-01,3.342297262907540922e-01,3.487790068024488321e-01
2.844013773582418914e-01,3.720389156824249199e-01,-8.835739367900006247e-01,6.142175522791593067e-01,-7.783499790532527607e-01,-1.300311831062035961e-01,-7.361064155602320414e-01,-5.057255731378886843e-01,-4.498766382525553054e-01
2.628076365506489820e-01,3.816535414967878737e-01,-8.861561490130404062e-01,5.922664230708443167e-01,-7.888549156985721345e-01,-1.640987692856542002e-01,-7.616775106785872440e-01,-4.817141229413545167e-01,-4.333576738507257109e-01
3.914940009611433402e-01,2.775599552687161783e-02,-9.197619539444693570e-01,9.146194817051505055e-01,9.798784985940853232e-02,3.922621380726569185e-01,-1.010131223992126598e-01,9.948004754684441897e-01,-1.297548114404174086e-02
-4.394682524076468644e-01,-1.217623305160946134e-02,8.981755922281796645e-01,8.415322212861108264e-01,-3.552829501525800460e-01,4.069367836263318439e-01,-3.141515170471618768e-01,-9.346794983734010298e-01,-1.663822696606058471e-01
-4.245700211456323592e-01,-1.440057154772229203e-02,9.052805756689451533e-01,8.709404923854362490e-01,-2.797037423588840666e-01,4.040154393508367803e-01,-2.473923116586526083e-01,-9.599783539484284534e-01,-1.312958646822287023e-01
1.756099980490670454e-01,3.660181882831461952e-01,-9.138882942849910762e-01,-6.533908807609433156e-01,-6.510400550798238761e-01,-3.862993704629858471e-01,-7.363704811598889011e-01,6.649643092133470379e-01,1.248238036144170005e-01
2.583475069491876774e-01,-7.963650295434790416e-02,-9.627640380957016575e-01,2.631271513032384934e-01,-9.531159675438221068e-01,1.494458251676731297e-01,9.295271205834620964e-01,2.919383150773570135e-01,2.252806078862795713e-01
2.938525030145693884e-01,-7.624451175068688857e-02,-9.528050592329849744e-01,2.818811921887910410e-01,-9.455708543176851721e-01,1.625999783368650975e-01,9.133420498161125556e-01,3.163582366445080729e-01,2.563664684487407253e-01
5.956536915987575148e-02,-5.712594188384667593e-01,8.186053036629957758e-01,-6.315960080577981417e-01,-6.566080634270817784e-01,-4.122527545668946969e-01,7.730061121377385103e-01,-4.924718544555368172e-01,-3.999162701951783916e-01
1.902444307104459165e-01,-7.764559730476823241e-01,6.007688228447236600e-01,-6.588821961319181186e-01,-5.546364371375475111e-01,-5.081856690420806233e-01,7.277920775908724993e-01,-2.991563880614008797e-01,-6.171095099559052999e-01
-2.085556696511436658e-01,7.945994140285587148e-01,-5.701897086775893353e-01,6.626694296962010178e-01,5.435901341424805855e-01,5.151494860805658771e-01,7.192869800034438210e-01,-2.704099430280460514e-01,-6.399255449730805179e-01
3.169490474627102705e-02,-9.162265240252664977e-01,3.994050446422809375e-01,-7.195870350077732125e-01,-2.982549302170900973e-01,-6.270873110260813954e-01,6.936785509599151522e-01,-2.675312192507192099e-01,-6.687578894221559711e-01
7.759714255500642366e-02,-9.064780825176083079e-01,4.150616452799489875e-01,-7.189292949572950731e-01,-3.393116288904062250e-01,-6.066368661332293133e-01,6.907382661468122187e-01,-2.513266886244659437e-01,-6.780232615962051845e-01
1.757259807740265689e-01,-8.218247435844088233e-01,5.419635324571454582e-01,-7.151377901526677627e-01,-4.849078641334464979e-01,-5.034305358210787729e-01,6.765340499757315218e-01,-2.991127782859839268e-01,-6.729288410296249134e-01
1.946150286591583900e-01,-8.054990049435213351e-01,5.597288126003447939e-01,-6.918953520419023340e-01,-5.172175047443554607e-01,-5.037527911672889935e-01,6.952739118094442006e-01,-2.892358999519583640e-01,-6.579793171036407706e-01
1.880599414035830919e-01,-8.129451057534800018e-01,5.511385610449918149e-01,-7.023789289259262381e-01,-5.035529725975942394e-01,-5.030887038972300385e-01,6.865109603204812005e-01,-2.924972800208399115e-01,-6.656936551750071152e-01
-3.036767736317538269e-01,7.626590197507712166e-01,-5.710793611656805879e-01,6.760057052862862292e-01,5.948517978857083000e-01,4.349340466927510418e-01,6.714139584317559972e-01,-2.539735382769903738e-01,-6.962045233105477182e-01
3.287100752357636213e-01,-7.663054579404406930e-01,5.520195934649327896e-01,-6.708925037113584455e-01,-6.008536705928074761e-01,-4.346010987089820587e-01,6.647201929401593823e-01,-2.274880473032402373e-01,-7.116152425515881452e-01
-1.909920368964479198e-01,8.998403249268603910e-01,-3.921854554642072999e-01,7.047653781628643310e-01,4.038128121028605744e-01,5.833017868346836998e-01,6.832479810325829961e-01,-1.649927344373137150e-01,-7.113013383916816368e-01
-2.307157274103529554e-01,8.817698429447639041e-01,-4.114027189976728893e-01,7.125011729259146387e-01,4.410449256877947977e-01,5.457302008357644008e-01,6.626555151092518026e-01,-1.672163795751311632e-01,-7.300180481995481863e-01
-2.720476092966117587e-01,8.616702142022147903e-01,-4.283859710969864509e-01,5.729227508809455749e-01,5.027109405519937235e-01,6.473339414647898415e-01,7.731426904517745280e-01,-6.932641780764166317e-02,-6.304317790173272762e-01
-2.414088615383751524e-01,8.904857608598655272e-01,-3.856901233847861987e-01,-6.854789896910272740e-01,-4.378057469890391795e-01,-5.817599871042503645e-01,6.869063373291249830e-01,-1.239404599361941250e-01,-7.160994666440486656e-01
-1.425385935847064411e-01,9.889442922747518905e-01,-4.088931542694732024e-02,-6.636802865337632085e-01,-1.261424872269459319e-01,-7.373035671842784744e-01,-7.343100343896683535e-01,-7.795678093270837217e-02,6.743230039834425815e-01
-1.185002456522966513e-01,9.923415372570576487e-01,-3.487069277553213331e-02,-7.601644037254103869e-01,-1.132567366922443974e-01,-6.397835500406489073e-01,6.388331324290695834e-01,4.930704846291083382e-02,-7.677636640807763424e-01
6.768887206374183396e-01,-6.979449363116606575e-01,2.338686078779100563e-01,-7.155320350094446225e-01,-6.984505207883451305e-01,-1.344532951373279134e-02,-1.727297506195230592e-01,1.582394890266076715e-01,9.721752400485810242e-01
5.731249614373281620e-01,-8.002922623700063909e-01,1.762386829505889485e-01,-7.964186023059607322e-01,-5.946196795299730775e-01,-1.102036597245859978e-01,-1.929901253393069283e-01,7.719929731784569427e-02,9.781590259334879134e-01
6.010112169937886772e-01,-7.756112402218594548e-01,1.929059902884142086e-01,-7.757192384840054800e-01,-6.242020007679786042e-01,-9.290600240591649628e-02,-1.924712448482643612e-01,9.380333831352390128e-02,9.768089647560564970e-01
2.483451718873928155e-02,9.758995670040698789e-01,-2.168024028401697167e-01,-7.956617894304329752e-01,1.505922472887649410e-01,5.867233520978017980e-01,6.052318263247264962e-01,1.579303966239194168e-01,7.802258815406264425e-01
3.907456183545121586e-02,9.857854772759655493e-01,-1.634018708863647085e-01,-8.250004122495324665e-01,1.240904168934602037e-01,5.513400839983511048e-01,5.637796541251458571e-01,1.132632386390394486e-01,8.181222038103641570e-01
-5.256067167276251562e-01,8.507123391085151809e-01,5.108367579253757750e-03,8.616883960967194889e-02,4.726307804449349226e-02,9.951588478901660650e-01,8.463524740975998384e-01,5.235023567686002410e-01,-9.814668637601819956e-02
-5.718902082229404549e-01,8.203245980117092051e-01,-3.023844514816866145e-03,5.272126867429577368e-01,3.647178562778890520e-01,-7.674813797411202954e-01,-6.284810042284445508e-01,-4.405092952583284927e-01,-6.410641060884761933e-01
8.320984717496751060e-01,-5.515754973142485973e-01,5.810855422736703468e-02,7.528451848187393824e-02,2.161270684068647974e-01,9.734584385472274670e-01,-5.494946538309610773e-01,-8.056386045022879694e-01,2.213640990467930225e-01
8.165207849417511765e-01,-5.726756383774115333e-01,7.305081085881881542e-02,5.302847057274118897e-02,2.003977039269780325e-01,9.782784580933545637e-01,-5.748754552655931382e-01,-7.949109217200498456e-01,1.939970037484030907e-01
8.155907027525000075e-01,-5.737190109435497121e-01,7.522168613929269831e-02,4.072025531530159420e-02,1.865865281923700658e-01,9.815942788668720054e-01,-5.771946520808555192e-01,-7.975161214540261723e-01,1.755402222574278803e-01
