4.001418464744641024e-01,-3.864785759163241186e-01,8.309758197791899947e-01,7.970785425966209203e-01,-3.007121013505378859e-01,-5.236774093212257508e-01,4.522745843313033531e-01,8.718982408853875876e-01,1.877262845445807626e-01
3.993382203246917950e-01,-3.970959430756643149e-01,8.263436317784246254e-01,7.862746870915471309e-01,-3.151911329915783599e-01,-5.314382994502506730e-01,4.714881782473419602e-01,8.619567052215175718e-01,1.863586222761604572e-01
3.959376708468467787e-01,-4.141860121158575381e-01,8.195628762773095044e-01,7.680296967719776324e-01,-3.398565975853604648e-01,-5.427963503507062804e-01,5.033525063816791656e-01,8.443621500548595948e-01,1.835451276226549022e-01
3.969208241297748074e-01,-4.472058495256954758e-01,8.015365166492047777e-01,7.411815020532378506e-01,-3.589285278796990886e-01,-5.672920701792142362e-01,5.413906541364071900e-01,8.192540753783980056e-01,1.889944961887521924e-01
3.904028578589410770e-01,-5.039072806392327353e-01,7.704953348946022018e-01,6.963869377658223891e-01,-3.857844311662725900e-01,-6.051575047695072485e-01,6.021883770754066223e-01,7.728181061469049373e-01,2.003031036374595397e-01
3.757536534641895409e-01,-6.013605210583741201e-01,7.051061732964151174e-01,6.111007763707558826e-01,-4.112065550708977058e-01,-6.763615972139341848e-01,6.966814430048876572e-01,6.850362711412624206e-01,2.129795159011814987e-01
-3.496412018536253496e-01,6.942752096370199411e-01,-6.290730984947811022e-01,-5.052382267331330112e-01,4.257235607148469048e-01,7.506622303671813823e-01,7.889774167958875095e-01,5.802942211807249340e-01,2.019238783560382278e-01
-3.152237389360520448e-01,7.658756194887210711e-01,-5.604181741199547595e-01,-3.597895942668831726e-01,4.499965211561172129e-01,8.173460581691599502e-01,8.781716473836125303e-01,4.592795079471325148e-01,1.337044924876972518e-01
-3.080232248718605126e-01,7.744382834613883215e-01,-5.526002515823870143e-01,-3.008661639544464861e-01,4.717384410306040832e-01,8.288198806986661893e-01,9.025526269015429204e-01,4.215544903845687141e-01,8.769587966222336384e-02
-3.070413878106236782e-01,7.739051892733174176e-01,-5.538919968614426370e-01,-2.756664040385833903e-01,4.847323992935809733e-01,8.300858598720526338e-01,9.108971510855450315e-01,4.075601294176340317e-01,6.450675199790013858e-02
-3.068732132825700010e-01,7.674139637200446673e-01,-5.629428383567196548e-01,-2.449030559482918978e-01,5.078941290239731288e-01,8.258728999611063548e-01,9.197017582655899748e-01,3.913046920118251060e-01,3.208292151149171045e-02
-3.073513774518853436e-01,7.647971746621745615e-01,-5.662335316873983171e-01,-2.416927841753544193e-01,5.127836707311874687e-01,8.237945770087434783e-01,9.203910738680562975e-01,3.900489567480014408e-01,2.724119093948139392e-02
-3.091081171030334307e-01,7.596483338720323442e-01,-5.721770537049370997e-01,-2.354402987813370152e-01,5.217881762735626650e-01,8.199420496662336300e-01,9.214228332588527692e-01,3.881642795860470452e-01,1.756287000102940699e-02
-3.141629506232469504e-01,7.480788006498635401e-01,-5.845337872817589764e-01,-2.385800599940995359e-01,5.337376313660501248e-01,8.112975384142183666e-01,9.189021685842877485e-01,3.943377345398481060e-01,1.079609601073719394e-02
3.196935948928266713e-01,-7.415121212892440417e-01,5.898777664615157956e-01,-2.471063111259483580e-01,5.357584745366448242e-01,8.074040673441601479e-01,-9.147319150364368046e-01,-4.038844277058633581e-01,-1.195377222804483441e-02
3.247469714153414788e-01,-7.366315600417371323e-01,5.932228496164317910e-01,-2.635619240994970802e-01,5.318902187250139635e-01,8.047533208316864917e-01,-9.083361254081740999e-01,-4.176921593412222800e-01,-2.141829366062275586e-02
3.300751402716263216e-01,-7.312093399294252727e-01,5.969784778152734672e-01,-2.885297964908254964e-01,5.240028881085940782e-01,8.013560568129594053e-01,-8.987774798645267182e-01,-4.367537915734985288e-01,-3.801535524684632184e-02
3.371420766766052290e-01,-7.241165190449602163e-01,6.016564526209251529e-01,-3.189733139389779870e-01,5.134165476048275778e-01,7.966551786314616246e-01,-8.857715535785577465e-01,-4.604983338642490986e-01,-5.787952469810331291e-02
3.443101004614064209e-01,-7.181900274986771082e-01,6.046930122977325350e-01,-3.509849238574268004e-01,4.989092212944999383e-01,7.924008910470203837e-01,8.707813376187230059e-01,4.850697612805454639e-01,8.029438801175498019e-02
3.539932215827658601e-01,-7.158411567422807709e-01,6.018805839926457679e-01,-3.823548794427794606e-01,4.765423673651779102e-01,7.916515131497503521e-01,8.535183332768855324e-01,5.103712476422092026e-01,1.050125913420973667e-01
3.651254756742062235e-01,-7.179196823084066370e-01,5.926843314681773389e-01,4.174729652458998297e-01,-4.427723459186699850e-01,-7.935168384971250655e-01,8.321055884336313602e-01,5.371628984245592209e-01,1.380445951627464474e-01
3.763099582944769428e-01,-7.144413782176859407e-01,5.898850162352169413e-01,4.613896139396405638e-01,-4.076115272225677710e-01,-7.880180626254169596e-01,8.034366430758795863e-01,5.687058641914106705e-01,1.762475548688903493e-01
3.789268380552144877e-01,-7.039443253711828996e-01,6.007302540901260368e-01,5.295408561179928419e-01,-3.674284672731912837e-01,-7.645801482768804780e-01,7.589472531759374752e-01,6.078311510732101741e-01,2.335387734011548921e-01
3.337083111779533540e-01,-6.858714659106954770e-01,6.466986124156068882e-01,6.667230309854260684e-01,-3.132593151575960300e-01,-6.762758323499367119e-01,6.664226609325079043e-01,6.568477249077651070e-01,3.527490655963926858e-01
3.240184909704735827e-01,-6.836499262491544382e-01,6.539379143685910556e-01,6.832385091822134049e-01,-3.090105515204324416e-01,-6.615871965353513628e-01,6.543677536979372045e-01,6.611620507776928557e-01,3.669708238153979729e-01
-6.949220707538719122e-01,-3.330131545698287177e-01,6.373268819550932385e-01,-6.574100325291435398e-01,6.533441468483233150e-01,-3.754377110907570203e-01,2.913680914396435950e-01,6.798850378280781870e-01,6.729494562211425501e-01
8.015970874422373438e-01,3.966519130301756069e-01,-4.473358573752209688e-01,5.880893710058404666e-01,-6.578714986096350081e-01,4.704848382541869656e-01,1.076707997280465512e-01,6.402127390224403580e-01,7.606146512389224679e-01
8.146339280546111006e-01,4.787567249429149907e-01,-3.273584603828779138e-01,5.777355484038714240e-01,-6.203058960426253154e-01,5.305112924766380855e-01,-5.092346583641282204e-02,6.212991177015216859e-01,7.819170077255759299e-01
8.093692490929043082e-01,4.823739589601190869e-01,-3.350175851204379440e-01,5.822146302191777423e-01,-5.841063406411384218e-01,5.655492084527791175e-01,-7.712031497299863536e-02,6.527902776083298608e-01,7.536028864584484177e-01
8.065346440906924208e-01,4.745269232990489972e-01,-3.525990172218836372e-01,5.837111991160307545e-01,-5.446448781115074134e-01,6.021986323244400419e-01,-9.371821545476168025e-02,6.915100547434139822e-01,7.162616423352118344e-01
8.062046939692570913e-01,4.693670106070623738e-01,-3.601785679017095454e-01,5.844027948527289462e-01,-5.368628664795457306e-01,6.084830613613536610e-01,-9.223537710800272515e-02,7.010512619981192906e-01,7.071207557840378799e-01
8.075183356351745001e-01,4.613351000467728613e-01,-3.675378389742092744e-01,5.888819392098904038e-01,-5.950119570233267652e-01,5.469724240504902912e-01,-3.364816912399008070e-02,6.581266568557334606e-01,7.521549735596373409e-01
8.084045554613318307e-01,4.595704766921029361e-01,-3.678002877409966564e-01,5.885557139885242428e-01,-6.213414347481478472e-01,5.172397828827282051e-01,-9.178575097762818255e-03,6.346099577048144313e-01,7.727780763848494106e-01
8.109906894147943524e-01,4.561031479172166225e-01,-3.664205509281960316e-01,5.829215429274291482e-01,-6.834137035953716799e-01,4.394862734251927527e-01,4.996575300765795924e-02,5.700137087808182512e-01,8.201145013522893601e-01
8.151244944271724968e-01,4.522238551383316874e-01,-3.620298930042539776e-01,5.692785509246078846e-01,-7.410032253401677149e-01,3.561406344306237148e-01,1.072100277120801581e-01,4.963948074660871623e-01,8.614512203709977500e-01
8.278062542510755684e-01,4.413514808551813884e-01,-3.463317423652381710e-01,5.262953863257004983e-01,-8.247331695518343997e-01,2.069501519044279758e-01,1.942935195910683310e-01,3.535874282096617138e-01,9.150005239654194211e-01
8.366932690630871639e-01,4.332014472508291525e-01,-3.350833920150499967e-01,5.036570334105424651e-01,-8.489406142636400920e-01,1.600919303080745315e-01,2.151138447441638679e-01,3.027149476875246603e-01,9.284878535801764921e-01
8.484452744667917434e-01,4.211908164543712307e-01,-3.205291131386834858e-01,4.812950564321894498e-01,-8.659237190612296686e-01,1.361292820120073022e-01,2.202173582824616116e-01,2.697673236358868465e-01,9.374059452603362708e-01
8.515346714308424936e-01,4.176124527909917949e-01,-3.169992785875995756e-01,4.765080272082071189e-01,-8.686381900764157393e-01,1.356753284385623370e-01,2.186979729154105434e-01,2.665849470894048334e-01,9.386712217960185844e-01
8.651931292523115102e-01,4.004184625949983034e-01,-3.018375455566305599e-01,4.566923974416168264e-01,-8.777968785122186590e-01,1.445845572432736259e-01,2.070577291810696552e-01,2.629404778410187049e-01,9.423318958302935311e-01
8.769508493125437454e-01,3.835042218958983340e-01,-2.896234101001326500e-01,4.405394195697696080e-01,-8.823330202325682103e-01,1.655701096587341437e-01,1.920474620898143525e-01,2.727873772653275908e-01,9.427114187860278216e-01
8.884996505539574096e-01,3.650578378213530373e-01,-2.780308364385048470e-01,4.252884343516478705e-01,-8.826461046067833882e-01,2.001639368847348555e-01,1.723314207340608251e-01,2.960888871060020633e-01,9.394856318007791529e-01
