9.820515046093055700e-01,-1.389082778140545704e-01,1.275904880832889332e-01,-1.848718814877967076e-01,-8.429717305647046466e-01,5.051940705351838368e-01,-3.737953624325100060e-02,5.197144906806813180e-01,8.535218910178926643e-01
9.816783368907823215e-01,-1.402957715605920586e-01,1.289369588658201282e-01,-1.869162271722566437e-01,-8.404690203299369777e-01,5.086001866744892519e-01,-3.701306389691857990e-02,5.233821952912175446e-01,8.512937863940441829e-01
9.806167730191375220e-01,-1.451950372533910016e-01,1.315642262566827092e-01,-1.923797442566614613e-01,-8.408259169870273553e-01,5.059662155941502260e-01,-3.715882766281408678e-02,5.214692497932267301e-01,8.524605815208198267e-01
9.801696759531174363e-01,-1.473564252180155631e-01,1.324895855866728700e-01,-1.948743524704917296e-01,-8.380406009589810301e-01,5.096194049420772476e-01,-3.593595819186486823e-02,5.253323092017827545e-01,8.501379722242472514e-01
9.785992986254662407e-01,-1.539720544686718762e-01,1.365138057942922867e-01,-2.026572910061680277e-01,-8.361939837781020568e-01,5.096171542396786824e-01,-3.568522287707804469e-02,5.263765077736690667e-01,8.495024054893604015e-01
9.765696072257644689e-01,-1.621885872574359566e-01,1.414449165094073813e-01,-2.122241374141310977e-01,-8.347747367035660560e-01,5.080472954955272957e-01,-3.567516982081777449e-02,5.261615732120018540e-01,8.496359697737182470e-01
9.742223648065497787e-01,-1.709105289890826829e-01,1.472425719396590338e-01,-2.226246968660010039e-01,-8.338630745446216075e-01,5.050847624471680453e-01,-3.645583980729105722e-02,5.248447046428712515e-01,8.504169611151238817e-01
9.698999082573814823e-01,-1.856146959926489037e-01,1.576113974110997518e-01,-2.406484439615858284e-01,-8.294858436325166506e-01,5.040253581240925485e-01,-3.718190932685647848e-02,5.267830861415436772e-01,8.491861314070081601e-01
9.639674993334235165e-01,-2.050508410151234973e-01,1.694721594476722992e-01,-2.634662145221515206e-01,-8.239651086388809498e-01,5.016642837108155062e-01,-3.677246298841480715e-02,5.282382533901803789e-01,8.482995541794523531e-01
9.567297782835880726e-01,-2.265284701883901464e-01,1.826279922124302568e-01,-2.886720118767363563e-01,-8.177773733471352946e-01,4.979042450115256369e-01,-3.655955284837599656e-02,5.290794078733056516e-01,8.477843943243817959e-01
9.471653343186346996e-01,-2.519109570417183974e-01,1.985414293979840261e-01,-3.186314646066685796e-01,-8.099478946375811006e-01,4.924006475775176139e-01,-3.676709436001879966e-02,5.296463704156525454e-01,8.474213255977494086e-01
9.271882268115276826e-01,-2.976570345193872980e-01,2.274253325010642257e-01,-3.727148886999794852e-01,-7.938162151366092711e-01,4.805615759999450343e-01,-3.749138305607287169e-02,5.303358430158318093e-01,8.469582574184101320e-01
9.076767846930167138e-01,-3.353050247070006873e-01,2.523755038342355150e-01,-4.178037653094138770e-01,-7.786336361783661175e-01,4.681556090713128171e-01,-3.953312816642049615e-02,5.303774137516542586e-01,8.468393771899626055e-01
8.824977900565885713e-01,-3.778227996029303037e-01,2.800849561212485073e-01,-4.685670019786537521e-01,-7.576250189134625668e-01,4.543669171199768986e-01,-4.052918950551494953e-02,5.322163684222608326e-01,8.456377013718384683e-01
8.612822901095280592e-01,-4.086319082258739188e-01,3.020145366093625050e-01,-5.063165281486063929e-01,-7.402958257584858481e-01,4.422732907243027145e-01,-4.285312202428592787e-02,5.338371043157668083e-01,8.445007732314571136e-01
8.357514113648298881e-01,-4.430494272924081489e-01,3.243867805222097056e-01,-5.473329334840727478e-01,-7.196106549925266327e-01,4.273021941728670781e-01,-4.411619119342611445e-02,5.346659800259374595e-01,8.439111632615657888e-01
8.127057469253827771e-01,-4.714442449182620898e-01,3.424174248602213644e-01,-5.809374647713152484e-01,-7.009444875390653529e-01,4.137493050310463438e-01,-4.495587769727691502e-02,5.351795486769338472e-01,8.435412377225078862e-01
7.921195696018333843e-01,-4.947287975232635970e-01,3.574772780960937535e-01,-6.086132236904264747e-01,-6.845574568369621193e-01,4.012119542561731755e-01,-4.622262868934621377e-02,5.353732391426531123e-01,8.433498463905417797e-01
7.771637345379800443e-01,-5.109476218650338408e-01,3.673541308185419019e-01,-6.275360492341282015e-01,-6.728948547972700700e-01,3.916771901693824609e-01,-4.706417566049556078e-02,5.349252677690846669e-01,8.435875302963948830e-01
7.639892507945726940e-01,-5.248307780279219958e-01,3.753306263881938110e-01,-6.434819386771615246e-01,-6.625254855072311155e-01,3.833940214057721674e-01,-4.744912292792612812e-02,5.344273902861024217e-01,8.438814758278302408e-01
7.513943538869618521e-01,-5.377049205259465392e-01,3.824656107272658145e-01,-6.581162985537134524e-01,-6.527188412719502342e-01,3.752879585419200970e-01,-4.784832833814183645e-02,5.336961051860767968e-01,8.443216240180381194e-01
7.419506738196466333e-01,-5.471708370669202681e-01,3.874445414276195265e-01,-6.687152307889752123e-01,-6.455471018522418447e-01,3.689022626672531224e-01,-4.826114098754887005e-02,5.327973482982597542e-01,8.448655797917932198e-01
7.408324095235632178e-01,-5.487921367998218614e-01,3.872912748645353509e-01,-6.699134878557631012e-01,-6.455898856389906681e-01,3.666464487071446898e-01,-4.881864181271407949e-02,5.310752207995773633e-01,8.459171650133608944e-01
7.461042099150079210e-01,-5.447360685752684617e-01,3.828722026215297669e-01,-6.639497400644307490e-01,-6.518636739682759362e-01,3.663939044647926413e-01,-4.999250559310296216e-02,5.275759340168399980e-01,8.480356025726645264e-01
7.476245569095137933e-01,-5.449503054944562219e-01,3.795875214589543578e-01,-6.621630963307590934e-01,-6.555232471460746835e-01,3.630830570389211309e-01,-5.096622178968286676e-02,5.227986581778547581e-01,8.509312588240718345e-01
7.497881080287329691e-01,-5.453863068734692288e-01,3.746619400654562781e-01,-6.597338199262545722e-01,-6.595694760366490605e-01,3.601657856130322521e-01,-5.068609182217408138e-02,5.172251758718424686e-01,8.543471411201279953e-01
7.509223796454965738e-01,-5.469846851155026890e-01,3.700315310843637073e-01,-6.585392181286735536e-01,-6.621522085037093719e-01,3.576039023278896889e-01,-4.941333761262473728e-02,5.122130484698278474e-01,8.574357789614487357e-01
7.533348317992605292e-01,-5.467664910448629678e-01,3.654217227649008137e-01,-6.559014499934567866e-01,-6.650216962243485908e-01,3.571266322292022677e-01,-4.774849834770779344e-02,5.087165692420275720e-01,8.596089419521883990e-01
7.595420216461166163e-01,-5.419905237594384584e-01,3.596417516205533405e-01,-6.487957149926020239e-01,-6.707722437566755458e-01,3.593448444222813731e-01,-4.647620424441336467e-02,5.062715369844575930e-01,8.611208354687669431e-01
7.604148374909001085e-01,-5.432435091522778148e-01,3.558872921131165934e-01,-6.480230984161174934e-01,-6.708375161497086570e-01,3.606148788462059107e-01,-4.284085483347249007e-02,5.048400902167022863e-01,8.621491428210834584e-01
7.524437365626844842e-01,-5.543602437450727560e-01,3.556868615263828470e-01,-6.575774630468307347e-01,-6.631577216815842668e-01,3.575104421789428444e-01,-3.768691285418183934e-02,5.028981570149099189e-01,8.635236767283963610e-01
7.497428260615184303e-01,-5.587353781688167986e-01,3.545426236037590995e-01,-6.609233413148115632e-01,-6.587149116588084663e-01,3.595483306366380472e-01,-3.265014049820366693e-02,5.038942769479304307e-01,8.631480324860681952e-01
7.531014161564083542e-01,-5.556430928885648379e-01,3.522768943720864243e-01,-6.573508965624682565e-01,-6.574684045785054165e-01,3.682731265915477059e-01,-2.698250862561683838e-02,5.089165455221758005e-01,8.603928718452077407e-01
7.564555163986887987e-01,-5.538755343497319128e-01,3.478461501278864443e-01,-6.538000484353806430e-01,-6.549198560842206529e-01,3.789795228934114135e-01,-1.790386483101086279e-02,5.141029804965370209e-01,8.575415891189713813e-01
7.617757078722349195e-01,-5.506521535653225996e-01,3.412916299436999923e-01,-6.477972357560082273e-01,-6.535640575705669031e-01,3.914240207227591695e-01,-7.517462512692167295e-03,5.192650849284676795e-01,8.545801655383777895e-01
7.682710076894655460e-01,-5.470808869410315189e-01,3.323584840012782649e-01,-6.401148732573803679e-01,-6.537106386966072824e-01,4.036277367693679174e-01,3.550743373075260657e-03,5.228430969217138236e-01,8.524215437345595836e-01
7.786462182962303746e-01,-5.379296744088829518e-01,3.230197085679634705e-01,-6.273659039668009196e-01,-6.583711958507624251e-01,4.158838672201118358e-01,1.104940147236701913e-02,5.264779519261849616e-01,8.501169783404589619e-01
7.869809975291535142e-01,-5.309093801514110922e-01,3.143185320582659870e-01,-6.167072238216980695e-01,-6.618309618039757147e-01,4.262064969985307483e-01,1.825129075305823023e-02,5.292589234626745576e-01,8.482640404502471698e-01
