4.651936833979505859e-01,1.066041606640017736e-01,-8.787664023253114465e-01,-3.731430034399608187e-01,-8.765990260680711632e-01,-3.038724180973234601e-01,8.027198364999162949e-01,-4.692650641435314740e-01,3.680097331103003300e-01
4.737868745187496233e-01,1.332343218379228034e-01,-8.705025060378308588e-01,-3.564179567072218169e-01,-8.749008226112994224e-01,-3.278944810921961550e-01,8.052901574404122131e-01,-4.656148258791386052e-01,3.670294215061455922e-01
4.834392497992651139e-01,1.567344335866528715e-01,-8.612321458711320599e-01,-3.413442022074080762e-01,-8.722075241842193183e-01,-3.503400781752242232e-01,8.060835114136200019e-01,-4.633447443154019574e-01,3.681589609698275312e-01
4.936874854867132068e-01,1.867116271018541829e-01,-8.493594262612169654e-01,-3.250380818819709750e-01,-8.662780406168479885e-01,-3.793581443326653480e-01,8.066119959437096920e-01,-4.633585271148165652e-01,3.669822384662401182e-01
4.958292342231456207e-01,2.001909902592338419e-01,-8.450307319315182308e-01,-3.192372544705602833e-01,-8.629163651701361459e-01,-3.917434391022514562e-01,8.076143546568425036e-01,-4.640031402270766159e-01,3.639507384408283142e-01
-4.991188142565791686e-01,-2.107711856675061057e-01,8.405093197266882976e-01,3.127161860189410225e-01,8.607906617087517365e-01,4.015569993373003244e-01,8.081392183633174797e-01,-4.632655221439677673e-01,3.637252530905756842e-01
-5.024204671488771146e-01,-2.213025230323620585e-01,8.358222702760529366e-01,3.072940546458834410e-01,8.578714886290221830e-01,4.118578310251216346e-01,8.081732723675024710e-01,-4.637690182590206711e-01,3.630072444647174379e-01
-5.007325527323317482e-01,-2.118262696631873498e-01,8.392833503142673734e-01,3.121705513253299480e-01,8.601544616149603417e-01,4.033408596325414042e-01,8.073515080306733482e-01,-4.639654444508303222e-01,3.645814159226182238e-01
4.940779795660268925e-01,1.975558239541146122e-01,-8.466750536833856922e-01,-3.220068310064485573e-01,-8.630050655695874484e-01,-3.892734997227745297e-01,8.075881072013986195e-01,-4.649666151704265338e-01,3.627774743335360763e-01
4.893066707428891937e-01,1.873243735049487380e-01,-8.517561629113626909e-01,-3.278107029959565488e-01,-8.655335341275666172e-01,-3.786711558885105244e-01,8.081578589408177082e-01,-4.645011091392811653e-01,3.621043974333522097e-01
4.616295785704975785e-01,1.216508621506358356e-01,-8.786917547848233090e-01,-3.640069518316719765e-01,-8.773362783456070124e-01,-3.126979272667065879e-01,8.089481264005990990e-01,-4.642005196428442559e-01,3.607226169181432796e-01
4.355292810917533175e-01,5.810828738089966750e-02,-8.982970957591698280e-01,-3.959022675217117038e-01,-8.838547446878755043e-01,-2.491228308764530941e-01,8.084402512757932202e-01,-4.641381445543878992e-01,3.619394188075441554e-01
-3.667696178637809279e-01,8.713959504224122465e-02,9.262217544346117437e-01,-4.615733793897762727e-01,-8.814650107711872185e-01,-9.984713428462785312e-02,8.077314299015225796e-01,-4.641402005450779300e-01,3.635159025231458618e-01
-3.212331647968645343e-01,1.738308070651751469e-01,9.309092890017051092e-01,-4.959482317220710867e-01,-8.683054638662414115e-01,-8.998492750569263288e-03,8.067494067468170549e-01,-4.645734300787132676e-01,3.651395935509563762e-01
-3.055968507691099179e-01,2.012014843986320856e-01,9.306602642617707311e-01,-5.065757343881049923e-01,-8.619632929576774849e-01,2.000767159639477849e-02,8.062205592324932502e-01,-4.653356254031536521e-01,3.653370575256518760e-01
-3.022506875796336923e-01,2.116952128599686733e-01,9.294243695480611800e-01,-5.104055534728434429e-01,-8.594185319107480181e-01,2.976504648836473393e-02,8.050656450512090334e-01,-4.653868539833788120e-01,3.678102544760467607e-01
-2.667638237438971771e-01,2.738851899777442478e-01,9.240259547504008353e-01,-5.312247357996228159e-01,-8.417587689476044854e-01,9.613768758626889399e-02,8.041376389749183007e-01,-4.652193865378667637e-01,3.700453755597752914e-01
-2.550922746334936542e-01,2.956888697266365496e-01,9.205954723667149064e-01,-5.386232917902342709e-01,-8.341473299864303748e-01,1.186725807318651654e-01,8.030024165364398891e-01,-4.655817051778270987e-01,3.720494521435886992e-01
-2.666444600971809575e-01,2.835637906370028771e-01,9.211364223279073782e-01,-5.341123308611341880e-01,-8.390321861534196790e-01,1.036774258008925503e-01,8.022622700349115732e-01,-4.643453103437000795e-01,3.751782014459842940e-01
-2.726553446802296721e-01,2.806571838871590452e-01,9.202665962371092689e-01,-5.327737604530622395e-01,-8.405076780888126597e-01,9.848331455864123285e-02,8.011311897498492041e-01,-4.634418930203467180e-01,3.786956939334129579e-01
-2.699059124609187732e-01,2.928511812303264406e-01,9.172725789374941430e-01,-5.357892988817636315e-01,-8.372039211019911553e-01,1.096331231664926936e-01,8.000503894270828420e-01,-4.618742038081949386e-01,3.828728173089848696e-01
-2.923564037982470665e-01,2.643939574057387887e-01,9.190340409612085537e-01,-5.252943608198635816e-01,-8.474568119602708949e-01,7.669932433200053745e-02,7.991204963264348926e-01,-4.603398604829553320e-01,3.866440807791139411e-01
-3.158749394901458896e-01,2.326179076423174064e-01,9.198434277887770349e-01,-5.133220005023816368e-01,-8.572394013509282429e-01,4.051089448204672760e-02,7.979495888853692653e-01,-4.593794921582949331e-01,3.901883337339258628e-01
-3.091985319134407106e-01,2.504697335277493164e-01,9.174209396177478437e-01,-5.195231971037149732e-01,-8.525091188909196260e-01,5.765283929662349399e-02,7.965500081813494671e-01,-4.587952863689490623e-01,3.937194047439452338e-01
-2.647485862293160186e-01,3.297823569484034101e-01,9.061742564954791135e-01,-5.468355258013738451e-01,-8.253492783912572683e-01,1.406039700028601236e-01,7.942789773191236691e-01,-4.583035737418877931e-01,3.988467631613679676e-01
-2.469471928677369754e-01,3.680981149324841217e-01,8.963932517137197520e-01,-5.589220603336714221e-01,-8.097692920978939446e-01,1.785492202381168958e-01,7.915953602738639017e-01,-4.569217343905054851e-01,4.057084103570742228e-01
-2.633942528699699803e-01,3.630841604525102406e-01,8.937524041833769806e-01,-5.558279302404957045e-01,-8.143461851712954225e-01,1.670197672777836706e-01,7.884660928154345605e-01,-4.527805021480650338e-01,4.163064224281302628e-01
-2.855235418465482122e-01,3.549934459603099612e-01,8.901999552778168123e-01,-5.495512802771560512e-01,-8.216299656734213919e-01,1.513855668590355363e-01,7.851558427453375621e-01,-4.459863818915520972e-01,4.296818006038208293e-01
-3.130848028622274515e-01,3.477662346141938143e-01,8.837627239700631687e-01,-5.417927071334536215e-01,-8.296736914350453240e-01,1.345445213955213104e-01,7.800247231426219452e-01,-4.366923537260660182e-01,4.481754338241492608e-01
-3.317107533869494973e-01,3.577274674476975669e-01,8.729255610422453904e-01,-5.393571763377261741e-01,-8.310833992057279351e-01,1.356252922490767676e-01,7.739908348426726148e-01,-4.258302978865043942e-01,4.686221772189549384e-01
-3.618043084453731462e-01,3.508352559418425054e-01,8.637200157334479211e-01,-5.283389403727134503e-01,-8.404981872180030678e-01,1.200864745468410988e-01,7.680856765206625081e-01,-4.128891140142502691e-01,4.894557927457019453e-01
-3.962704326520720688e-01,3.325219530521050793e-01,8.558030701885530611e-01,-5.094924874078006205e-01,-8.550670621023804818e-01,9.632094571076720013e-02,7.637978459518932617e-01,-3.978560921313357701e-01,5.082552316240630530e-01
-4.208551638608537537e-01,3.193836496470469077e-01,8.490435886276899158e-01,-4.895295679381180820e-01,-8.679464584968813456e-01,8.384358828819719889e-02,7.637026470858754301e-01,-3.803459340138311551e-01,5.216274890313712387e-01
-4.397178248933471534e-01,3.122020483151569104e-01,8.421271373723113740e-01,-4.705531472214400379e-01,-8.787310003412511783e-01,8.007224662304550378e-02,7.650019412465964841e-01,-3.610563807317139773e-01,5.333013405400874873e-01
-4.493476998943707335e-01,3.251431416577306721e-01,8.320868837042075805e-01,-4.611306926550903240e-01,-8.821578978286805928e-01,9.568661134098226106e-02,7.651438615653105568e-01,-3.407042423149799770e-01,5.463291044576522593e-01
-4.534125591779076814e-01,3.454927342785326094e-01,8.216153733593860586e-01,-4.542008955266061965e-01,-8.827084265961880893e-01,1.205295819245653099e-01,7.668889083058704204e-01,-3.185288121611993262e-01,5.571541960181274344e-01
-4.532789770097312987e-01,3.710262495315497788e-01,8.104799141000126328e-01,-4.478168961031744888e-01,-8.809650529567883970e-01,1.528417581466604280e-01,7.707127847424943834e-01,-2.936666437091479676e-01,5.654747614235973163e-01
4.572909215770754043e-01,-3.907022890094408174e-01,-7.988971988973129212e-01,4.397876909207031892e-01,8.801437131445896123e-01,-1.787003948699885103e-01,7.729630003808883876e-01,-2.696270861297824228e-01,5.743077872250536009e-01
4.572809084143567571e-01,-4.148729977045788608e-01,-7.866222515129849269e-01,4.377146506207621468e-01,8.749588391787499475e-01,-2.070094547959577813e-01,7.741447251203649182e-01,-2.496546124520672150e-01,5.816979620470774659e-01
-4.476953590469918143e-01,4.541063270136941887e-01,7.702962477215614667e-01,-4.459208322949723691e-01,-8.600695223988437110e-01,2.478609044726176880e-01,7.750635308238574828e-01,-2.325249672761119657e-01,5.875446049280843575e-01
