9.203965701727719051e-02,-6.909714106323538996e-01,7.169987525964579556e-01,7.039501343949448875e-02,7.227686869118979951e-01,6.874954307502734174e-01,9.932639345204250514e-01,1.280370682207196235e-02,-1.151643237839699158e-01
9.368753831600140636e-02,-6.838912439777357077e-01,7.235436487005281192e-01,7.243244925963147895e-02,7.294962604536543438e-01,6.801387698686093275e-01,9.929633354049579586e-01,1.131248844063374726e-02,-1.178806266811550651e-01
9.479459139441653859e-02,-6.860282203497899411e-01,7.213731810415920931e-01,7.167766058692899567e-02,7.274591187681268556e-01,6.823969105248688383e-01,9.929130366830476451e-01,1.298119427480460761e-02,-1.181320878510540712e-01
9.852761697885292769e-02,-6.482682959104905107e-01,7.550102815258725730e-01,6.816604809776435903e-02,7.613164214134626739e-01,6.447873264673648075e-01,9.927969070153279674e-01,1.206329157019588559e-02,-1.192005806080268515e-01
1.039064147535144478e-01,-5.974023875033368514e-01,7.951816423801442157e-01,6.616708185324482461e-02,8.018901802253505240e-01,5.937963086254248735e-01,9.923836829836010232e-01,9.084396703574602883e-03,-1.228499063265229146e-01
1.071878628207435791e-01,-5.554585983691576745e-01,8.246068806174809973e-01,6.400335713895864698e-02,8.315198083976800270e-01,5.517955948693574753e-01,9.921765630868656372e-01,6.368181848544057604e-03,-1.246800462025881295e-01
1.053877639994857951e-01,-5.740010462877547237e-01,8.120444680310012764e-01,7.086602558187023171e-02,8.188507972224440268e-01,5.696151141836017784e-01,9.919029315499668931e-01,2.484099179020475556e-03,-1.269740273987179924e-01
1.025809629639166803e-01,-6.081684524505782674e-01,7.871520053212495149e-01,7.810202298465744597e-02,7.938078986493656286e-01,6.031327333577434224e-01,9.916537803301614939e-01,3.917725708770482458e-04,-1.289287651036536975e-01
1.058038043311263915e-01,-5.843231018372544439e-01,8.045943497492086260e-01,7.764412449807110705e-02,8.115202283377105363e-01,5.791427362314393035e-01,9.913510704689780795e-01,-1.196519118347703870e-03,-1.312311831159449771e-01
1.105073854546474305e-01,-5.390426575545528287e-01,8.349976832881054190e-01,7.300932927066443312e-02,8.422762244670662923e-01,5.340790199370799574e-01,9.911900703696668868e-01,-1.942944679996005085e-03,-1.324328862728016143e-01
-1.098382411316273927e-01,5.374945591470721151e-01,-8.360832253265250147e-01,-7.468351971582984361e-02,-8.432578469507542307e-01,-5.322955715003026000e-01,9.911397139999816863e-01,-3.975228707000503202e-03,-1.327639442347255394e-01
-1.129113344838853367e-01,5.028074387033588666e-01,-8.569922462482589820e-01,-7.102772594287125318e-02,-8.643858646832531800e-01,-4.977872427886929629e-01,9.910631123659344732e-01,-4.664388529361803738e-03,-1.333122304486524246e-01
-1.134840063303355073e-01,5.053583494666912257e-01,-8.554147058190654240e-01,-7.368103899970525339e-02,-8.628866805768471426e-01,-4.999976809696165536e-01,9.908039588128121355e-01,-6.286104308066932898e-03,-1.351591657768270727e-01
-1.136283876130620291e-01,5.214620146359139063e-01,-8.456748528957861444e-01,7.925762680238979119e-02,8.532326178290103869e-01,5.154729172966391326e-01,9.903569145121919881e-01,-8.453825436361741760e-03,-1.382812883704180040e-01
-9.783045224643802107e-02,6.781978690783967423e-01,-7.283384192741585439e-01,1.007204295784355219e-01,7.348385665229523189e-01,6.707217576730526432e-01,9.900932267613959947e-01,-7.741545583091415279e-03,-1.401979700038203103e-01
3.951437156930578953e-02,-9.485671720868179557e-01,3.141001981513228958e-01,-1.367451928388491444e-01,-3.165216818937902632e-01,-9.386771421136196336e-01,9.898178451992816207e-01,-5.860454789831725381e-03,-1.422191562157064659e-01
3.051332218471870718e-03,-9.983984860258207084e-01,5.649028653708215719e-02,-1.452460913463159420e-01,-5.633398165076360792e-02,-9.877904916833268878e-01,9.893908541725608963e-01,-5.190916366171123217e-03,-1.451853713945357172e-01
-1.214910475584276596e-02,-9.987932388985442111e-01,-4.758639704985999364e-02,-1.482855448585935487e-01,4.886333337316461217e-02,-9.877366915517781232e-01,9.888699593170082736e-01,-4.943741722456236956e-03,-1.487002453870202578e-01
-2.103247163394939348e-02,-9.929012412165059143e-01,-1.170673324531199128e-01,-1.514202302193761729e-01,1.189060208748389524e-01,-9.812916345715085864e-01,9.882456926378571094e-01,-2.912626037537422580e-03,-1.528462220412635242e-01
-2.398649085304971687e-02,-9.901052555862057680e-01,-1.382614592615400984e-01,-1.559488574297452912e-01,1.403139581120948221e-01,-9.777484068129563832e-01,9.874738488298886452e-01,-1.891036618196407495e-03,-1.577714228166656185e-01
-2.511498885073000509e-02,-9.887179081492156740e-01,-1.476690063624293836e-01,-1.597850960880336790e-01,1.497867488491932686e-01,-9.757216062675496682e-01,9.868322858536632269e-01,-9.099308919806660704e-04,-1.617442784849166260e-01
-2.668213683401731220e-02,-9.887013873959984434e-01,-1.475046783502083347e-01,-1.637272297499754448e-01,1.498869066608455314e-01,-9.750524649730603066e-01,9.861447448586687647e-01,-1.865950929316286802e-03,-1.658766421614563669e-01
-2.728786219584524581e-02,-9.909965657512286308e-01,-1.310769973948530398e-01,-1.718674986755926448e-01,1.338243538759389950e-01,-9.759880148898766317e-01,9.847420654545917529e-01,-4.104750778950876783e-03,-1.739718814787809265e-01
-3.019343156792251084e-02,-9.926578203520892707e-01,-1.171273169845208212e-01,-1.816376333960780798e-01,1.206786742342309260e-01,-9.759325938400359446e-01,9.829018907421152029e-01,-8.192025323913569926e-03,-1.839477205530615500e-01
-3.506170189322628528e-02,-9.925174955169376867e-01,-1.169602417624711899e-01,-1.944835213735505441e-01,1.215710146733462865e-01,-9.733430270492703373e-01,9.802789587533204951e-01,-1.138022337558479077e-02,-1.972907842283251889e-01
-3.901480280059681227e-02,-9.934829019809544581e-01,-1.070960719818052631e-01,-2.115995349539505077e-01,1.129612636914899826e-01,-9.708065665787877219e-01,9.765774326543201767e-01,-1.521434772585108543e-02,-2.146276814709008329e-01
-3.544778994736320216e-02,-9.963544404022430800e-01,-7.759692828057697389e-02,-2.290318657306696093e-01,8.367844077035682671e-02,-9.698156129028704386e-01,9.727732822542856095e-01,-1.660565087478479973e-02,-2.311631322059134741e-01
-3.139262155185008896e-02,-9.981481155725570042e-01,-5.210415233985777467e-02,-2.399718326638022037e-01,5.813189014492247536e-02,-9.690377716457465596e-01,9.702721385467472093e-01,-1.791710710833336467e-02,-2.413523449912804708e-01
-4.215992120956599948e-02,-9.981762159154835556e-01,-4.320628454576183608e-02,-2.518244078909092076e-01,5.246496547794824578e-02,-9.663497788005083189e-01,9.668541816809794742e-01,-2.986083351220839358e-02,-2.535770533545179672e-01
-5.735855324113924014e-02,-9.981097321451993798e-01,-2.206714678252040887e-02,-2.669672003742260546e-01,3.663296180199585722e-02,-9.630091069319961505e-01,9.619971467184458280e-01,-4.934560473488419641e-02,-2.685637745469729443e-01
-7.101921729745211409e-02,-9.972321769170389150e-01,2.200581958848337252e-02,-2.950351801953690067e-01,-7.329636560189038003e-05,-9.554863876972444769e-01,9.528433833645189033e-01,-7.435038634026312765e-02,-2.942133695628228462e-01
8.684460098615680301e-02,9.929445469459328155e-01,-8.074120366882799049e-02,3.787836453875973453e-01,4.204898635059286377e-02,9.245295196659598647e-01,9.214016308138586187e-01,-1.108738446939744604e-01,-3.724594277184272162e-01
1.056518859624430290e-01,9.850370271311178483e-01,-1.361606924676434238e-01,5.693988148590861664e-01,5.233039168366280386e-02,8.203941246396769804e-01,8.152439319796537243e-01,-1.642059234221580899e-01,-5.553501112662440065e-01
1.118411646346797184e-01,9.794269039930246779e-01,-1.679717048427998571e-01,-8.150698759254054737e-01,-6.281683705150727451e-03,-5.793286095203420416e-01,5.684651715383300941e-01,-2.017014630201444114e-01,-7.975988142941478065e-01
1.129695826349402937e-01,9.747797666790530835e-01,-1.924637105337475840e-01,9.421757341291900900e-01,-4.358601258419732977e-02,3.322726975319099663e-01,-3.155039768646494824e-01,2.188713457265269169e-01,9.233377359354753011e-01
1.092657713785379903e-01,9.714142919908623774e-01,-2.107492930496907002e-01,9.762101715571164240e-01,-6.492270636035019082e-02,2.068785710199889938e-01,-1.872823861271474544e-01,2.283403501677683523e-01,9.553983422278808924e-01
1.038619521394917866e-01,9.642705768602408689e-01,-2.437107906913277278e-01,9.884910921270277928e-01,-7.297961595099022869e-02,1.325116464359336610e-01,-1.099911618417128006e-01,2.546688639336661675e-01,9.607526810055987410e-01
-6.011781872835072343e-02,-9.547584609457945293e-01,2.912423889542214428e-01,9.965374448605919255e-01,-4.061806481343799291e-02,7.254856167791379207e-02,5.743665086047300417e-02,-2.945954074034896619e-01,-9.538944265875043405e-01
9.704432727563969130e-02,-9.352480690562587906e-01,3.404312674684248363e-01,9.951334760786713085e-01,9.704772231334453381e-02,-1.706178130714386398e-02,-1.708108108988913923e-02,3.404302996507971302e-01,9.401145928813513519e-01
3.594876908978303920e-01,-8.641365207665769876e-01,3.521884063542984888e-01,9.330875701695384716e-01,3.285190819815527186e-01,-1.463652935948404621e-01,1.077898362796383090e-02,3.812391457490068580e-01,9.244136126542682463e-01
