3.330636090408293781e-01,6.561226327110997181e-01,6.771792400664338185e-01,9.410541520795393522e-01,-1.863393562452199670e-01,-2.823025454507568366e-01,5.903994568558900563e-02,-7.312870401958261324e-01,6.795097862835168812e-01
3.294535730417474384e-01,6.564454659008611692e-01,6.786307490146812338e-01,9.429281942414412532e-01,-1.918765058837924031e-01,-2.721577244804961881e-01,4.844340733887958494e-02,-7.295634014861411831e-01,6.821953382260620424e-01
3.267755422645984287e-01,6.580686443596095447e-01,6.783534508561029908e-01,9.443502206630833840e-01,-1.987284750325858385e-01,-2.621252638430891513e-01,3.768827020790110199e-02,-7.262593562371014722e-01,6.863868747046434349e-01
3.268839234914360792e-01,6.585668880815080950e-01,6.778174934932580387e-01,9.446076290763505412e-01,-2.053798866613379959e-01,-2.559990805564189564e-01,2.938243784305064055e-02,-7.239535593376239531e-01,6.892226898969486815e-01
3.259870263919082967e-01,6.600672809644507755e-01,6.767892162441405679e-01,9.449861716909447873e-01,-2.070027363003553444e-01,-2.532804818320149587e-01,2.708493930311396680e-02,-7.221226016157940020e-01,6.912346593585887433e-01
3.234234844817719390e-01,6.616330725686847547e-01,6.764901528987627977e-01,9.458582163065375470e-01,-2.053635118557376738e-01,-2.513524669536660872e-01,2.737671147315795181e-02,-7.211570600650044627e-01,6.922304604590259203e-01
3.216420995371436775e-01,6.624375005240000780e-01,6.765522283644133106e-01,9.465836617329765890e-01,-2.076567885430424532e-01,-2.466942024292017033e-01,2.292882782716900575e-02,-7.197605268917610655e-01,6.938436803653735829e-01
3.207892265589287195e-01,6.621938510455156468e-01,6.771953748817503005e-01,9.468676230282719875e-01,-2.067343069196424243e-01,-2.463790388877379611e-01,2.315116810259791949e-02,-7.202501162651518962e-01,6.933280561433529110e-01
3.182205589182836025e-01,6.628514498878418371e-01,6.777636986910120509e-01,9.479051345617286461e-01,-2.115048458393475883e-01,-2.382048615330613073e-01,1.454413123037380517e-02,-7.182573741828618408e-01,6.956254830572945469e-01
3.156393313263712308e-01,6.629733466467998548e-01,6.788506125472553165e-01,9.488696495015119803e-01,-2.173155166707382291e-01,-2.289549179838861748e-01,4.266236599066662236e-03,-7.164079200079186416e-01,6.976686114303899400e-01
3.124636214747542051e-01,6.629505453925080838e-01,6.803403998136944297e-01,9.499196262214077979e-01,-2.213669634768903882e-01,-2.205660245831213562e-01,-4.380522144973383533e-03,-7.151875571098795792e-01,6.989188573653885017e-01
3.081815524488956681e-01,6.627480664690776901e-01,6.824874585819781236e-01,9.511566051965211210e-01,-2.282579394126187100e-01,-2.078447148381077636e-01,-1.803449808610452579e-02,-7.132063610811417709e-01,7.007220871302533016e-01
3.022738018889961076e-01,6.634391938588299897e-01,6.844552467061071344e-01,9.526438675689775648e-01,-2.352402275777485396e-01,-1.926958663604123601e-01,-3.316941776384788043e-02,-7.102890055330400854e-01,7.031282374816792968e-01
2.953764923836642575e-01,6.644490966627556450e-01,6.864838859661392956e-01,9.540841428997405282e-01,-2.425753704003474343e-01,-1.757288762338207189e-01,-4.976118984098276687e-02,-7.068695690289563682e-01,7.055914089375148190e-01
2.818633534366060678e-01,6.675632764515079254e-01,6.891388263062807606e-01,9.569355726679518170e-01,-2.476113332952346868e-01,-1.515352677973515749e-01,-6.947920373845462017e-02,-7.021736961443967306e-01,7.086076069947222500e-01
2.749082576541170830e-01,6.696798355357943544e-01,6.898944613129818215e-01,9.583694615399795946e-01,-2.484435001707931134e-01,-1.407259834232986173e-01,-7.715844128251339584e-02,-6.998605183174976263e-01,7.100998731440643086e-01
2.483768326069720755e-01,6.775799430806122015e-01,6.922386653163791204e-01,9.636069027113032259e-01,-2.457569458394576190e-01,-1.051915425250088965e-01,-9.884678078347845787e-02,-6.931730983719260886e-01,7.139610420899777932e-01
2.080744739675182697e-01,6.893062602419700591e-01,6.939466066451871473e-01,9.703439068955920233e-01,-2.347155748113228246e-01,-5.780399027393619271e-02,-1.230354243043018103e-01,-6.853943963385020766e-01,7.177024493716326337e-01
1.147966875903057016e-01,7.149523779787225752e-01,6.896845784421042902e-01,9.789424335305427771e-01,-1.993922708848294700e-01,4.375424716172687800e-02,-1.687999773447629026e-01,-6.701386569464263809e-01,7.227867929856268692e-01
4.947813862297326115e-02,7.303992993583822146e-01,6.812259370393862756e-01,9.793073216395010716e-01,-1.694878585695771545e-01,1.105940124091956966e-01,-1.962373144477680964e-01,-6.616575619565475685e-01,7.236713253432416337e-01
-1.008265422830262152e-02,7.432195784624364698e-01,6.689715975090650968e-01,9.746832493985653212e-01,-1.421338512864381010e-01,1.725993385281035519e-01,-2.233627171789569488e-01,-6.537756698658975241e-01,7.229705872757415941e-01
-4.344460513664055029e-02,7.484375302400545493e-01,6.617808017861265268e-01,9.682829290606025374e-01,-1.315954486895145048e-01,2.123930487893251895e-01,2.460502704211901537e-01,6.500183852879641844e-01,-7.189821716936283247e-01
-4.778268943784254319e-02,7.482910943029696949e-01,6.616473779717946258e-01,9.665044069073490673e-01,-1.325878225085150852e-01,2.197491769065893497e-01,2.521627371733572431e-01,6.499853133027808649e-01,-7.168912375471787612e-01
-4.862331196740360406e-02,7.457236138084050170e-01,6.644787922438556427e-01,9.630980884212954063e-01,-1.413148860548701369e-01,2.290680577002069118e-01,2.647222046080889291e-01,6.510963022378731813e-01,-7.113337891592113049e-01
-4.308970030990996042e-02,7.414349158663336992e-01,6.696398608666340735e-01,9.606007204426794122e-01,-1.534595113033045966e-01,2.317249107790451401e-01,2.745715455254015280e-01,6.532414897454340563e-01,-7.056103899907926191e-01
-3.233333385374117380e-02,7.356853684563654516e-01,6.765512502103032677e-01,9.588917079459300385e-01,-1.681025929100783689e-01,2.286224194812162269e-01,2.819241883103315027e-01,6.561315088426481479e-01,-7.000072822117140436e-01
-1.719254017879773624e-02,7.296026495737595319e-01,6.836551691438825795e-01,9.580908011894293530e-01,-1.835262587785398969e-01,2.199548340340573005e-01,2.859483051853911051e-01,6.587853110640082832e-01,-6.958703045021392697e-01
-1.706529388483434039e-03,7.248631105066642988e-01,6.888908177527480747e-01,9.583295471927233411e-01,-1.956035837653018472e-01,2.081915392026312261e-01,2.856598794630360594e-01,6.605397104222987537e-01,-6.943239332043722456e-01
7.060048407241097806e-03,7.226405081542269793e-01,6.911880002510806253e-01,9.596353824701810975e-01,-1.992392371287667885e-01,1.985035493376786087e-01,2.811584756463810786e-01,6.618870163124120909e-01,-6.948780390897785209e-01
8.906137022420124519e-03,7.231534641890601245e-01,6.906299645647440144e-01,9.612470033303778250e-01,-1.965059251306393584e-01,1.933639572850124888e-01,2.755446956696978034e-01,6.621438579492475718e-01,-6.968792090946466233e-01
6.114883268495504252e-03,7.247684617356593417e-01,6.889653729150244654e-01,9.632647425678064756e-01,-1.892523057703793532e-01,1.905376615957388720e-01,2.684839733175710674e-01,6.624909370202137771e-01,-6.993011614731443615e-01
-2.104026607393138116e-03,7.276300151308092712e-01,6.859665692676090165e-01,9.652802583650075263e-01,-1.777029129796106610e-01,1.914567771831148235e-01,2.612079552441297636e-01,6.625528173657544428e-01,-7.019929973424814396e-01
-1.859773045490649077e-02,7.331886887100574901e-01,6.797708960889344842e-01,9.669041081684902617e-01,-1.598463335922175599e-01,1.988607433457437179e-01,2.544613330720859046e-01,6.609716305445729745e-01,-7.059503761500698360e-01
-4.251818919358148208e-02,7.417878735307075200e-01,6.692854056906440974e-01,9.680952042472265040e-01,-1.349902755494374607e-01,2.111144263678048638e-01,2.469491427424262420e-01,6.569081946435727515e-01,-7.123817408587214128e-01
-7.177477765048866087e-02,7.530512553600002823e-01,6.540353110451684326e-01,9.684640375547626245e-01,-1.042385411214119262e-01,2.263000983384828302e-01,2.385912598071232571e-01,6.496523172787171951e-01,-7.218213611400279284e-01
-1.070633967227587885e-01,7.660234843764217594e-01,6.338339297213356760e-01,9.672543133526834147e-01,-6.730363621671292540e-02,2.447229328294292239e-01,2.301228419405906833e-01,6.392794709169177247e-01,-7.337337634873918324e-01
-1.426119793535472469e-01,7.801676893957237846e-01,6.090978573002875374e-01,9.641705026378136756e-01,-2.957558424550554843e-02,2.636295253944114791e-01,2.236896626757907125e-01,6.248709156613665439e-01,-7.479968406166672690e-01
1.872566531522764643e-01,-8.007949274211010326e-01,-5.689133765933453990e-01,-9.585133665109701884e-01,-2.224699093371029779e-02,-2.841781089637303026e-01,-2.149117774111374002e-01,-5.985253174353020178e-01,7.717385388322633988e-01
2.180171606918874239e-01,-8.087937587874770573e-01,-5.461878554034979016e-01,-9.525891806352199120e-01,-5.465004835250356074e-02,-2.993112512950179549e-01,-2.122318792749292027e-01,-5.855476308222019588e-01,7.823628323597294765e-01
