vaxvayvazvbxvbyvbzvcxvcyvcz12,vaxvayvazvbxvbyvbzvcxvcyvcz25,vaxvayvazvbxvbyvbzvcxvcyvcz50,vaxvayvazvbxvbyvbzvcxvcyvcz1,vaxvayvazvbxvbyvbzvcxvcyvczDisk
-0.18585399503754138,-0.9211191618228538,-0.3420493856906475,-0.44477804064476345,0.3892743907251341,-0.8066213134338698,0.8761454143512886,0.0022222619871175896,-0.48204177667798637,0.08384855647479894,0.9741709985397166,0.20966708177781318,0.4688022882657896,-0.22423287239362769,0.8543676219607478,0.879314411398933,0.026654915911233947,-0.4754951959419917,0.40956195416109353,0.5779064670172898,0.7058917205091306,-0.3070858040489653,0.8159431349431572,-0.4898317154806666,0.8590444194890895,0.016152891961711224,-0.5116461369207498,0.6489330406343621,-0.03185131299663689,0.7601785333942493,0.00913437614717661,0.9993774990020804,0.03407605700119351,0.7607906886558505,0.015169322619582223,-0.6488200210426771,0.3753090296527519,0.6484933356058824,0.6622684696826999,-0.33653802031135266,0.7610772521648577,-0.5545300506934722,0.8636465093694439,0.014758384462586652,-0.503881828350685
-0.3803270088740166,0.8448116583312886,0.3763570489156301,-0.22893017983936384,-0.4802690513973195,0.8467187319462323,0.8960704989450664,0.23587051578664334,0.37606217664487684,-0.3805704695804314,0.8452233903171869,0.3751846720537107,-0.21330094907106645,-0.47500602502064576,0.8537399963217537,0.8998159938613629,0.24488098467379227,0.36106021732736165,-0.37711355739587926,0.8477714538095877,0.3729194644072672,-0.19714466509392606,-0.46689849994141186,0.8620555502851674,0.9049416256605884,0.25157375232332496,0.3432073735931876,-0.36828296671333244,0.8418433843138327,0.39454704753154446,-0.15700716521701505,-0.47459580048513533,0.8660875107241703,0.9163604129922589,0.25701856440519183,0.30696099272016747,-0.3788220581538686,0.8468651901601818,0.3732468324728643,-0.199067560315292,-0.4684283155004375,0.8607827947092924,0.9038063701292354,0.25178217357942956,0.34603436589655856
0.2957865214062004,0.9066930849212552,-0.3006958322132124,-0.8144849313172152,0.40385210490164936,0.416554647103712,0.4991238627952086,0.12170097420515714,0.8579418642693132,0.40730188576749266,0.836579027687905,-0.36638873383744247,0.7464102421356097,-0.5360921520837626,-0.39430566177682563,-0.5262859719632518,-0.11287486392886453,-0.8427824991109721,-0.5989871750242804,-0.6618740359606113,0.45070736035441433,0.5799711870902312,-0.7466786688943301,-0.3257366843991313,-0.5521302258539922,-0.066285186425043,-0.8311188168721829,0.46051046018589953,0.8403492376379311,-0.2859078083241484,0.6654255842357824,-0.5399963765433028,-0.5153762753217994,-0.5874852405838286,0.047085795325667895,-0.8078638622779896,0.5557871939879762,0.7317023769630094,-0.3946038856190523,0.6021246806232239,-0.6815931418937109,-0.41578438872550305,-0.5731897277371187,-0.0065130998873017655,-0.8193967998146598
0.44645113643515366,-0.7310458739196762,-0.5159973963120131,-0.8212822780152909,-0.5636903955380173,0.0880258927600755,0.3552137421240547,-0.3844802572346343,0.8520552383519597,0.4084049670257781,-0.7559494739836088,-0.5116109612709437,0.8404899491314503,0.5300661789405974,-0.11227863266146257,-0.35606464064504634,0.38414871954390345,-0.8518495952661441,0.4008189974440667,-0.7579189989767936,-0.5146872081934319,0.8291674833642967,0.5390377253370894,-0.14805274463763074,-0.3896478099762042,0.3674195444630461,-0.8444983496297167,0.2882092475995259,-0.8047821388783943,-0.5189037854365985,0.8623603643935036,0.4537049688509847,-0.22469179594064126,0.4162571699337071,-0.3827238040444352,0.8247741862452642,0.34064285282809803,-0.7887522976361538,-0.5116954756403679,0.8501194252347493,0.49085190333758777,-0.19068658009521003,0.40157117632578454,-0.3700462430069455,0.837738842588053
-0.8158765417194112,-0.055236470175746614,-0.5755817935224307,0.5637379381666526,0.14544863332687982,-0.8130462669091807,-0.12862739110930285,0.9878226700303384,0.08752923414807012,0.8755991611367367,0.0719907994560739,0.4776436263683618,-0.4639961630344839,-0.1495524302513214,0.8731217734630151,-0.13428949961155012,0.9861295023472322,0.09754452775261405,0.8926521641535272,0.06390286438145602,0.4461933860512379,-0.4325475602890018,-0.1569964845590321,0.8878370976277898,-0.1267861266860697,0.9855295671667854,0.11250222362243811,0.856118105637374,0.004976182748678438,0.5167562547324668,0.5112326040097144,0.1379703226080349,-0.8482955939275424,0.07551830107544041,-0.9904238626389648,-0.11557490436073317,0.8773176587460421,0.07394436789733086,0.4741792447046024,-0.4603792533526458,-0.14933097741607246,0.8750721126092527,-0.13551630431362638,0.9860185037007289,0.09696825060272014
0.9912455704569577,0.11659171652900505,0.06195636114460175,0.12249402081536746,-0.6369947242879881,-0.761073541843201,0.049268995463115736,-0.7620000609357522,0.6456999870063228,0.9918529406094381,0.11179637578276155,0.06106811415338246,0.11733460400708755,-0.6150964355021689,-0.7796723451136548,0.04960176314316804,-0.7804857112044817,0.6232027917931073,0.9918945618321664,0.11117325053780334,0.06152793327126589,0.11380140078390574,-0.5618776660241922,-0.8193550693092875,0.0565191948579895,-0.8197158024511091,0.5699750729852484,0.9948869344019252,0.08257356091656491,0.058151481441990234,0.09338028405973481,-0.5327556902047009,-0.8411013595895779,0.03847220172102218,-0.8422309550189135,0.5377424179871492,0.9920119214985107,0.11092837784846342,0.06006032461401613,0.11554435708107662,-0.6080075595863603,-0.7854783950132294,0.05061471279729957,-0.7861435635262474,0.6159678955714333
0.8222383696693284,-0.4541123446375829,-0.3430831413685068,0.3960220696810085,0.8894406885252635,-0.22817051063026586,-0.40876715103967937,-0.05174205294982972,-0.911170772241648,0.8836119281450432,-0.42161380514197516,-0.20364616312001582,-0.42274666208458633,-0.905359850604275,0.04010985677045294,0.20128392915516144,-0.05064918782675849,0.9782225920701022,0.8969682782347033,-0.4409240362897273,-0.03215434749216559,-0.23834528463651417,-0.42104255606826285,-0.8751655222133937,0.3723431658191283,0.7926595487354443,-0.4827539815126438,0.8477057983668396,-0.5302647671443853,0.014634074639376158,0.17581625892896352,0.3068819728988277,0.9353673598142855,-0.5004832889432611,-0.7903434262616694,0.3533747954417553,0.886802768786612,-0.4621464339371107,0.001234046842999638,0.2068423334232835,0.3992903014401717,0.8931872727932413,-0.41327605589534244,-0.7918256934294495,0.4496831916455866
0.7442508945190679,-0.5794361314616507,0.3321812390312318,0.3063115501437299,0.7380814356322851,0.6011730438264261,-0.5935181886480925,-0.3456726253722469,0.7268057483345503,0.768283072108692,-0.5613847358418032,0.3075521085524526,0.30577878537952285,0.7439718284739189,0.5941424516469073,-0.5623526078209776,-0.3624266778273959,0.7432405045985738,0.8032720143455931,-0.5347593451769366,0.2622718317225612,0.2870836688077594,0.7334315645710626,0.6161664606214137,-0.5218592128850943,-0.4196553143197133,0.7426657250002673,0.812436532677572,-0.5282471011863621,0.2467830635579546,0.29995497556569917,0.7416333356094865,0.6000058400933508,-0.49997389232261424,-0.41344285651218093,0.76098036202968,0.810479482284091,-0.5251732695640543,0.25945335945389775,0.2812175030847509,0.7373962048836448,0.6141364286394154,-0.5138479587925695,-0.42478214882289866,0.7453324099260078
0.005290387389053419,-0.08817750615717074,0.9960907284023759,-0.983605066184768,-0.18001759001696396,-0.010711725357870005,0.18025838559393562,-0.9797032176595047,-0.08768420456776527,-0.10802967666322597,-0.0540907088815244,0.9926750647481444,-0.9625638741532876,-0.24399877942064246,-0.11804822665441092,0.2485968164217986,-0.9682658678554827,-0.025706653049663943,-0.19949409399917253,0.09614348874902175,0.975171029117773,-0.8999067437196168,-0.4117964813556495,-0.1434974234997365,0.3877756555889059,-0.906189873875378,0.16867113985006815,-0.19510119705015277,0.26898820131609913,0.9431759488358082,-0.8791290031346959,-0.47430165643431554,-0.046584702972766956,0.43481917938034165,-0.8382620629948581,0.3290121502112225,-0.20809396991520995,0.11082038584851323,0.9718105482887671,-0.8971382573557944,-0.41744757555875206,-0.14450075726005213,0.3896663276106064,-0.901918158005762,0.18628953106913215
-0.5679779296015189,0.5622886450924253,0.6010262482501886,0.8079017424488978,0.2414623375813105,0.5375785654932722,-0.15714912037172615,-0.790902913845874,0.5914192547055758,-0.5664111082510537,0.5600860720914441,0.6045511130574415,0.8065220350033275,0.22592233761945782,0.5463344254379837,-0.1694127017195138,-0.797033681354645,0.5796866802699173,-0.5690047382270865,0.5464206920816714,0.6145388800882434,0.7904282582176589,0.1572743985185762,0.5920202126461718,-0.22684086158830155,-0.8226112027170599,0.521396233855088,-0.5786044945959088,0.5322641014936171,0.6179901011299489,0.8093141926948325,0.2807312791325528,0.5159462049664785,-0.10113049162405809,-0.7986769529526894,0.5932012714805014,-0.5712079310800645,0.544191589392548,0.6144729558781614,0.7910275675789661,0.16515470884519803,0.5890664728843108,-0.21908191801546933,-0.8225444888762375,0.5248082288017145
0.5912666475925917,-0.7209505768617573,0.36143328176486117,0.7841241215473143,0.618695574238232,-0.048632791670614975,-0.18855533260099186,0.31216350225598816,0.9311287958209679,-0.8029380913063409,0.49312803247497594,-0.3348360272083782,0.5654323512745435,0.807901604279914,-0.1660760486466452,-0.18861780844202294,0.32267590766789644,0.9275255149855596,-0.7851463917804034,0.5160216564163477,-0.3424423945476711,0.5924741009798123,0.7868582621342188,-0.17270933668820787,-0.18033186945844312,0.3384903623745385,0.9235283923286691,0.8037989312169531,-0.49342619638242485,0.3323219326166366,-0.5767064659497853,-0.7833994159454365,0.23172183157410622,-0.14600318594535172,0.37790996787584463,0.9142576911756803,-0.7878085988384603,0.5131796078383466,-0.3405940423657805,0.5881742538552854,0.7909299217981217,-0.16876286886100264,-0.1827803564335093,0.33328148598939367,0.9249404264052584
0.846493403466533,-0.39660219564949173,0.3551839189682553,-0.5323158180319252,-0.6186754043818652,0.5778240336693675,0.009422725754696003,0.6781942512429151,0.7348222709066551,0.8404289625137924,-0.4018531198428913,0.36358386795968445,-0.5417821441723414,-0.6382723502982839,0.5468825423257954,-0.012299074111935846,0.6565991752334447,0.7541394140732532,0.8343821074424095,-0.40213102573208437,0.37695773890931733,-0.5482630179316699,-0.6758587657545323,0.4925673475995111,-0.05669357942854704,0.6176613691145186,0.7843980310755231,0.8393582576997203,-0.40353682859237255,0.3641919043593643,-0.5393002816610499,-0.7021050262290253,0.4649771374425333,-0.06806556715111045,0.5866911965536474,0.8069451768582843,0.836538471427761,-0.4006106422892173,0.3737840273552715,-0.5459187187809055,-0.6675086644434526,0.5063644294157451,-0.046649097589557535,0.6276490230833945,0.777097526386837
-0.24753254831464006,0.6620375806647977,0.7074135136625265,0.4820650597392752,-0.5491906408881541,0.6826440640183045,0.8404409055391278,0.5099959624824096,-0.1832026270232259,0.3000906196039983,-0.6872222518179518,-0.6615672275981878,-0.48701395173308715,0.48595780371639036,-0.7257151120270711,0.8202213303999175,0.5399727674738849,-0.18885544615812153,-0.2454257603726629,0.6113640522357883,0.7523298424091238,0.5452130219764387,-0.5546445920812436,0.6285794596885508,0.8015665641809293,0.5644496187516362,-0.1971995716991105,0.14381555220325673,0.2641897575625547,0.9536880301982988,0.5962295188196448,-0.7922893650640395,0.12956821714647762,0.7898274797907245,0.5499830306522742,-0.2714612645700529,-0.24503126820584106,0.6109182592968,0.7528204022601972,0.5451868112660025,-0.5552671135350283,0.6280523652117599,0.8017050694757049,0.5643202221117418,-0.19700677270771463
-0.018701911684054433,0.3309175254353043,0.9434743397989882,0.4726143744704616,-0.8286326771962201,0.30000589881953815,0.8810708777069276,0.45151021875744896,-0.14089936413747417,0.02088415833506939,0.3272113276259173,0.9447203813848415,0.49338536668624233,-0.8252226144694508,0.2749154715691467,0.8695600795060211,0.4603698335485164,-0.17867536060686534,0.03718291935804818,0.3371588929790215,0.9407131929515888,0.530984587960011,-0.8041436415601025,0.26722344786226077,0.8465652945029994,0.4895680592355037,-0.2089265840419357,0.05348102893755318,0.37571667495889993,0.9251901208409054,0.595327330437905,-0.7558504597410721,0.2725352310122261,0.8017014089905655,0.5362155002114712,-0.26409806541416303,0.037040835927624,0.33698039696625354,0.9407827531020374,0.5308452365325235,-0.804251582319089,0.2671754614255777,0.8466589108516555,0.48951364066561764,-0.2086745894395879
0.5975468293189699,-0.6307745085441433,0.4950366715120613,-0.2520169826272537,0.4383507835599079,0.862749112442238,0.7611998602458493,0.6402906448819232,-0.10296923248422517,0.5884171816034797,-0.7297777559097358,-0.34812303482126505,0.29740260061963675,-0.20502229004702596,0.932479251098141,0.7518755971159686,0.6522195087263364,-0.09639916440655574,0.660611851064658,-0.6711774429637287,0.3363224974479069,-0.13854185096926386,0.33130743082452474,0.9332960633209931,0.7378334078658519,0.6631411813008778,-0.1258794498714529,-0.6200181535402562,0.4725912362331568,-0.6262866857247946,-0.2884315224602082,0.6050471369555931,0.7421086301297987,0.7296470010435303,0.6407616448395272,-0.238829998891944,0.6668782906118582,-0.7400497904425247,0.08717598967939084,0.019698962756548345,0.13445599837802766,0.9907237432132553,0.7449062332783384,0.6589748797686776,-0.10424399962076854
0.5670029767655979,-0.7801733100036685,0.26426734701220866,-0.014553446554418323,0.31128511584753354,0.9502051219842881,-0.8235871669303373,-0.5426151334138293,0.1651453767380535,-0.5632745638682787,0.7115097519919916,-0.42009003620568575,-0.0956034359046051,0.4488811108966738,0.8884625660788428,-0.8207202621735579,-0.5406104152719053,0.18482053499896461,-0.5438454728767467,0.5541268678929621,-0.6302186254869044,-0.24173866995542398,0.6157088289757011,0.7499767018845008,-0.80361341270517,-0.5602196463892593,0.20089656721766871,-0.5530611904716292,0.2956121813157312,-0.778933089457535,-0.34118939162362494,0.7725795839058149,0.5354536259802694,0.7600744165130187,0.5619023267345253,-0.326424044109379,-0.5518539256066965,0.6296606068979904,-0.5467949934969535,-0.18037865362937375,0.5500296431375471,0.8154329727113305,-0.8141994756245753,-0.5486300317981484,0.18995868524979173
0.8232196014268041,-0.49221803778950135,0.2828973154721447,0.02814510801554172,0.5330725642223604,0.8456012619244316,0.567024991267128,0.688153358306163,-0.45268931369147947,0.8202919354372654,-0.36421371523657103,0.4409869729256851,-0.12794141132406642,0.6346421279156257,0.76214195839301,0.5574514650846215,0.6815993978197901,-0.4739938026669845,-0.8065488792161907,0.27893120848298614,-0.5212257537471923,-0.2586510243150288,0.6263172117714629,0.7354090003933912,-0.5315811819994142,-0.7279588801388729,0.43300960240052977,-0.8122685297018506,0.3311509102294148,-0.48016550304059213,-0.2610743555625298,0.5297358101727765,0.8069821263746813,-0.521593727458071,-0.7808450845557154,0.34383271717737013,-0.8087863193692432,0.2923194096308641,-0.5103078015807877,-0.2602658082394378,0.6002101022471569,0.7563131244543692,-0.5273769038009017,-0.7445113806474155,0.40936097203306293
0.813348876922614,-0.5784671567384577,-0.06196251272863525,0.26453621967434826,0.2728711986746763,0.9249658898652696,-0.5181546032692627,-0.7687112965924005,0.3749649978359361,0.8124114021756201,-0.5797616254204593,-0.062162458967373616,0.268347278460049,0.27710867405593925,0.9226052898753856,-0.5176653858991618,-0.7662161838885856,0.3807037007819672,0.8127140634498319,-0.5797570477440259,-0.058117266470415846,0.2589416037509994,0.27002452096732754,0.9273812613608419,-0.5219627351810878,-0.7687447714732741,0.36957594539523375,0.8130468859367297,-0.580343371464008,-0.04643632701210078,0.2146125752145341,0.2246107337249578,0.9505216782668989,-0.5411988579333595,-0.7827845102538274,0.30716804306161666,0.8121694837941315,-0.5807602080627268,-0.05566246782628617,0.2518496930783748,0.26293586802654506,0.9313626905784105,-0.5262627306677746,-0.7704429310702161,0.359812768358812
0.8313334673795236,0.5427170610356448,0.11976167031054138,-0.08687613078510481,-0.08593992462446369,0.9925053487288371,-0.5489418948436597,0.8355073434844089,0.024295577150549964,-0.8777742033666941,-0.4733364453614461,0.07392602651675503,0.16413418843978217,-0.1521583125225915,0.9746321439986945,0.45008045512905703,-0.8676407421409325,-0.21125133487851044,-0.8597130767427923,-0.5086245162733054,-0.04684578020683733,0.11602692947535345,-0.28378434338839714,0.9518425279867134,-0.4974245443421168,0.8128760962738182,0.30298725186495057,-0.82769741435167,-0.5341843833092819,-0.17194195213513802,-0.019264591306119072,-0.27916844976410826,0.9600488800983585,-0.5608438871890895,0.7979423671448875,0.22077616021175192,-0.8535184806132747,-0.5177569766328655,-0.05859962798176996,0.11500820747215967,-0.2968804955313944,0.9479636509840844,-0.5082118804845557,0.8023650568918296,0.3129392912584226
0.6597264387336244,0.651135942125092,-0.3752106220627535,0.7488134499711193,-0.5273414038717249,0.40148407304019956,-0.0635566139610939,0.5458324180877013,0.835480417595968,0.6572358351579257,0.6606284641932484,-0.36278242691995627,0.746101042521891,-0.5021781006959123,0.4372074902482724,-0.10665032269998365,0.5580207769242255,0.8229450292631176,0.6472968310145248,0.6791965512399242,-0.34597522648644347,0.7486594488065222,-0.4812107402812194,0.4560101458857182,-0.14323352355949048,0.5541915447043495,0.8199731029167601,0.6175711121220234,0.7180420577609868,-0.3209696632997191,0.7342825623415699,-0.38012721705227265,0.5624343672795904,-0.28184222556860855,0.5830256444981317,0.7620013502245726,0.6449861235240466,0.6823747337232687,-0.3440314276886947,0.7494433178153984,-0.47678665402996995,0.45935737712673513,-0.14942427461182872,0.5541111885849301,0.8189219601657565
0.806475943572597,-0.47102740991399644,-0.35739296516355884,-0.5503316914664433,-0.376995616105528,-0.744989486372054,-0.2161748870853699,-0.797500774010236,0.563259206446466,0.7754967155601069,-0.5271584247704197,-0.3474317765390161,0.11209474741051335,-0.42659089822811325,0.8974714330561752,-0.6213208605531124,-0.7349314258776135,-0.2717281499937734,-0.7777897651709493,0.5637896756547754,0.2778205946656991,0.0052095699851493265,-0.4362223265217574,0.8998238395511177,0.6285029368076889,0.7013210986909125,0.33635215913545463,0.7810987275548648,-0.5657766198860136,-0.26416206049038937,0.0524744322158115,-0.36208492135653314,0.9306669348858708,-0.6221986915574472,-0.7408045127539319,-0.2531352644488918,-0.7770697244156457,0.5670480750052567,0.273165012454789,0.003343753254712135,-0.43027333671221557,0.9026924587193073,0.6294056424205013,0.7023683765285631,0.3324563143359846
-0.632205110243585,0.7655728671108886,-0.11922618724722382,0.5201124611029435,0.3052797106825908,-0.7976762037637782,-0.5742819223929443,-0.5663059980162375,-0.5911833812138984,-0.6198039380126998,0.7760136055114836,-0.11681593420855253,0.5172658034945199,0.2920442835151407,-0.8044539918486927,-0.5901518168735214,-0.5590286401672059,-0.5824154981743589,-0.6035640372450589,0.7916391554257703,-0.09496262707622832,0.546960023882623,0.32444013489336576,-0.7717339769277334,-0.5801251461700018,-0.5177316355672587,-0.6288153690186701,-0.6540614419732964,0.7558930573795348,-0.02879784591305386,0.528536952061367,0.42943583076395037,-0.7322796989960574,-0.5411583136472107,-0.4941766415579511,-0.6803948313361972,-0.6098063977790744,0.7879159122485521,-0.08558430027312962,0.5429046234331132,0.33660911893565054,-0.7693821358104921,-0.5773999714952011,-0.5156382610657366,-0.6330295859139952
-0.022480916572479474,0.11919517628431357,0.9926162996549132,-0.4496299454067084,-0.8879924575510257,0.09644847083313235,0.8929319798190797,-0.44414176259730487,0.07355660496065454,-0.016534403679896153,0.1615404792672762,0.9867275647578966,-0.5552562534985974,-0.8221865688931292,0.12529859888460312,0.831514946615905,-0.5458149132167811,0.1032907259365834,0.09165740325208263,0.26102231383811136,0.9609715251284422,0.9419452271159803,-0.33576382065835936,0.0013586207437844,0.32301410115118734,0.9050580138397204,-0.2766439625981215,0.16288432921731624,0.45313891859889527,0.8764324364983579,0.9349357788058049,-0.35468640413310565,0.00962518737012688,0.31522021636343034,0.8178402503998875,-0.48142864478720127,0.06895291134183926,0.20882736790581172,0.9755186448402791,0.9971350181861156,-0.044910811111277725,-0.06086685922816881,-0.031100667588639355,-0.9769207488117231,0.21132581247136664
0.5109079487288151,-0.3317288728777428,-0.7930504541483954,-0.8406685166043496,-8.358570823159203e-05,-0.5415500329643341,-0.1795814943582897,-0.9433747653571681,0.27891672407970064,0.5142170301920619,-0.34069632837702685,-0.7870875794286613,-0.8277408091137186,0.04313984785909723,-0.5594498247872287,-0.22455733964451735,-0.9391831372831964,0.25982501006383096,0.5487622489577451,-0.36739265772748053,-0.7509211870541248,-0.8045958382137567,0.01169282418494837,-0.5937076848009312,-0.2269042336492201,-0.929992426265138,0.2891860229014225,0.6053776404151339,-0.4550293287015855,-0.6530438136195682,-0.7526117216599086,-0.060241005122981583,-0.6557031475613645,-0.2590241473405766,-0.8884364531710514,0.3789289640174394,0.5326839259641919,-0.34867227907480075,-0.771152045205198,-0.8226272390833188,0.0007507344504477792,-0.5685805676559311,-0.19882721276910625,-0.937244406866517,0.2864274101057708
0.20192141245835596,0.8331968310491302,0.5147919812123234,-0.8848611671304364,-0.07010894873751004,0.460549074704839,0.4198195542079772,-0.5485141529957162,0.723107022416466,0.3867741697580247,0.7220032120033304,0.5736872871738266,-0.2915260312433453,-0.49446906550827996,0.818848530781409,-0.8748818861512079,0.4839542386551047,-0.01923486865728717,0.12982373429232733,-0.05161695456656623,0.990192651970145,-0.3508394059695234,-0.9364314074972285,-0.0028160738115726265,0.9273928559318038,-0.34703300859433134,-0.13968028390800022,-0.17155072453018572,-0.01784437985342291,-0.985013668443649,0.20020332438353486,0.9783418664111541,-0.052591076552211534,0.9646185659725555,-0.20622504827199395,-0.1642627518528298,-0.17693219543139585,-0.035065719891595945,-0.9835981870196336,0.2154490120830116,0.9737473355265167,-0.07347006021137648,0.9603523943908717,-0.22491447673169718,-0.16473237916155475
0.007155936409822492,0.32224052556093574,0.9466307813822191,-0.25249748953517603,-0.9153972080000846,0.3135170958083202,0.9675710880098333,-0.2412654042167289,0.07481439952045436,0.01496550766586524,0.2975958359200118,0.9545746445529402,-0.2662160027814474,-0.9190365791932661,0.2906902233784407,0.9637972159346445,-0.2584733729957668,0.0654709249119016,0.032881015090377136,0.28861127606217213,0.9568815862876613,-0.19642454465400844,-0.9368616872748041,0.28932261780592267,0.9799674673702652,-0.19746825123642314,0.025885375205645433,0.036309561795275946,0.14826329571246438,0.9882811395886868,-0.08283479529180568,-0.9850835637630956,0.15082695081703204,-0.9959016077962723,0.08734052637966536,0.023486592782336224,0.03762201047865643,0.182927771422551,0.9824062371391598,-0.08524299325077148,-0.9789313647622857,0.18554518367852482,0.9956496454221198,-0.09072383108658685,-0.021236055278221033
0.7826676874342178,0.20239127109781682,0.5886162284797994,-0.3221093752183473,-0.6774904869163285,0.6612504748840049,-0.5326132193654409,0.7071381855912504,0.4650577867705201,0.6540774677195639,0.1573517690168387,0.7398804545389979,-0.34191310153180915,-0.8109986440993567,0.4747384861899274,-0.6747429860491041,0.5634905678503201,0.4766553080804426,0.5217183721224554,0.06103940290380503,0.8509313318259246,-0.152348410418158,-0.9747379787853478,0.16332738458848509,-0.8394044925022472,0.2148489329892083,0.4992394555325559,-0.35021935842486523,-0.32605866361603236,-0.8780843631823787,0.11500891183604173,-0.9453312198073185,0.3051587047028111,0.929580201587128,-0.005884958668932454,-0.36857294539710805,-0.5562352343757502,-0.09095701114998979,-0.8260321943856758,-0.21471443333701679,-0.944511373307307,0.24858796795080187,0.8028076208879175,-0.31563442115175855,-0.5058407219950525
0.7441598902527143,-0.612303964219839,0.2670391603112521,0.008802443374158617,0.40871197611540955,0.9126209714719917,0.6679435415734725,0.6767853248856002,-0.309536830263831,0.6939037986706902,-0.4114472370763859,0.5909388202619575,-0.24280329511633708,0.6389115089639458,0.7299579738547027,0.6778968048833354,0.6500025036995026,-0.3434423781558454,0.5677286208342655,-0.21097216432213234,0.7957229159493013,-0.38065283004074396,0.7897835107565926,0.4809838137806343,0.7299230343451258,0.575962457125659,-0.36807555191044383,-0.4512890678761663,0.06632751721838673,-0.8899094547621714,0.3992761797382505,-0.8768374042047934,-0.2678333416156916,0.7980706168686384,0.47618990649429355,-0.36922413713605806,0.6180163309296293,-0.2626932093565925,0.740977794850974,-0.34363378726547344,0.7574511133919394,0.5551428924798542,0.7070867237856088,0.5977123794763205,-0.3778468955369212
0.6286752767503357,-0.7086277199678429,0.32033443601346645,-0.2452582877206591,0.21022780455263504,0.9463892658400714,0.7379808728600082,0.6735362088901797,0.041631798022964524,-0.2528824992655301,0.3093310859093308,0.9167140889368794,0.633938449655133,-0.6627958171423086,0.3985269712673231,0.7308710444490638,0.6819208048364659,-0.028487406289813638,-0.22272065744864314,0.4955148357991853,0.8395597395352818,0.7249235024918749,-0.49163328307252807,0.4824755232239656,0.6518292907506968,0.7160738526704028,-0.24971346227468327,0.2638533997605387,0.5860533437933467,0.7661089097924935,0.9296900152195926,-0.36615433366490535,-0.04009338523251681,0.25701723490030615,0.7228225800063575,-0.6414590078852697,-0.2770760470930741,0.40503750601632116,0.8713056196578528,0.6373362726910031,-0.6011353827372193,0.4821189968604386,0.7190489132455563,0.6888983018860293,-0.09158487876789095
0.3494312237223478,0.5476010262543441,0.7602834576216237,0.893640007695032,0.049103626687034205,-0.44609009235019226,0.28161206745224027,-0.8352975217797365,0.4721998449532841,0.3143904649638375,0.5553187874799896,0.7699218660432863,0.9145135991731745,0.040351986036035445,-0.402537692831708,0.2546046198857136,-0.8306580292122034,0.4951603033747251,0.35365918878813035,0.5622126711010978,0.7475574162825827,0.9126814778600705,-0.03243703632765373,-0.4073823249055316,0.20478695797554922,-0.8263563100307563,0.5245927474865366,0.5655614477996795,0.5494767680221276,0.6149923009003345,0.811828433450866,-0.23966618258186215,-0.532442218055021,0.14517177206138687,-0.8003970279371329,0.5816268170106688,0.29357961066366345,0.5583298462442646,0.7759373653816576,0.9263472155722566,0.03422247644520734,-0.3751128607599118,0.23599120408205768,-0.8289129054965988,0.5071602771285301
0.048899592443998184,0.6959988150775167,0.7163759343176624,-0.6678472059748789,-0.5105367146971362,0.5416016732043974,0.7426903387888916,-0.5049137672483769,0.4398558267349581,0.11895489495971089,0.7492926300533932,0.6514677946858105,-0.6605719036906477,-0.4301276770998418,0.6153331954699086,0.7412789576263705,-0.5035382169611001,0.4437958664070659,0.12686115818168595,0.754984212582573,0.6433545564429259,-0.6753309214757738,-0.4093167999988836,0.6135046077556031,0.7265221215100637,-0.5123071305279157,0.4579377806719705,0.021443122494385163,0.7550897953968927,0.6552706260661846,-0.7082197062886356,-0.45114276224546873,0.5430424069057289,0.705666380184099,-0.475720095183089,0.5250955636042485,0.1560892568310081,0.7662224222036796,0.6233292417448987,-0.6549025458789538,-0.39212880798628613,0.6460167593402821,0.7394178786743048,-0.5090561832053325,0.4405939207901197
-0.14872199634512032,0.8267931518297332,0.5424894947283108,-0.39160305567206993,-0.5529832582720672,0.7354295091027456,0.908035690152881,-0.10306599904073156,0.40601549878091625,0.1479595423775932,-0.8200888622036793,-0.552776837348389,-0.37703975327057193,-0.5634911823221466,0.735063746826665,-0.9143024654199935,0.09965914676869106,-0.3925799997354131,-0.14626788662746748,0.8127772019504778,0.5639139343295985,-0.38497262230685875,-0.5718760401782982,0.7243989748364982,0.9112638396291792,-0.11113511892980471,0.3965440705958711,-0.04556454584407254,0.885812551642267,0.46180081801036177,-0.5185768848538768,-0.4160874286454407,0.7469600164791111,0.8538160730844041,-0.20544433571223378,0.47832074831276816,0.14935935039927917,-0.8172581792999509,-0.5565796015087459,-0.3816553855865503,-0.5669219900906846,0.7300264541812163,-0.9121573061161581,0.10338532545263329,-0.3965860857114962
0.9141167183527444,0.10646146622963543,-0.3912244642609225,0.38621601469428263,-0.5223129547462535,0.7602804530552553,0.12340103411914846,0.8460822262123666,0.5185721273514904,0.9922091842088603,-0.08736373277374784,-0.08881730105911476,0.033997320762100984,-0.495985975237015,0.8676647362600292,0.1198545658395502,0.8639244704046899,0.48915170702287114,-0.898883539771698,0.35265086459670725,-0.26008796517082017,-0.3834151262024419,-0.3456401757147626,0.8564611549457648,-0.21213491680218116,-0.8695804946243122,-0.44590194038854425,-0.6444641646309515,0.47720780290658815,-0.5974434310891673,-0.7131578525219632,-0.09329318867252168,0.694767772952643,0.27581119972327367,0.8738244067273357,0.40044860883118116,-0.9066416690326521,0.3430367599666762,-0.24561487187312545,-0.36822038357779013,-0.35919383711784963,0.8575508944047466,-0.20594813204181261,-0.867931776517095,-0.45197322732698164
0.91036664911454,0.3136358453251702,0.2699354009890696,-0.01810633259949621,-0.6215125960483401,0.7831949014600702,-0.413406246807859,0.7178820581964829,0.5601255445164245,-0.6995323256091617,0.2872033157554506,-0.6543460711633503,-0.6668509457575462,-0.5914660668205767,0.4532964901056073,-0.25683524207184594,0.753446844322061,0.6052714359781273,0.5762920931492805,-0.44869631719550956,0.6830512706296707,-0.8165400700918934,-0.281455061269455,0.5040291285433146,0.033907776511394226,0.8482067338927428,0.5285788486792291,0.5376065978738734,-0.4525793103746124,0.7114429799662929,-0.8132037528348285,-0.05525985993055278,0.5793496390400242,0.2228874206810025,0.8900102896603473,0.3977472589482849,0.5879265682169655,-0.4426614818924436,0.6770473859586251,-0.8086267820522011,-0.2993022282320323,0.5064986708010617,0.021565660957261663,0.8452626743351007,0.5339156615452952
-0.8579893380233764,0.03542680513469145,-0.5124443748507311,-0.03053266574825815,0.9923375660300593,0.11972431402118335,-0.5127592536078828,-0.11836847774423051,0.850333376574153,0.8078191340657562,0.2404263040929275,0.5381667389735887,0.2726445482113957,-0.9618969846889887,0.020472937669910714,-0.5225831962165022,-0.13018979662956437,0.8425897102894725,0.7587114265695186,0.36120336537198455,0.5421153936541543,0.36870687234519095,-0.9241784603392588,0.09974675799435297,0.5370402345060128,0.12420266619082515,-0.834362921175682,0.7609854875263349,0.3853857779724507,0.5218993101268441,0.4148139135398716,-0.9075583463105443,0.06532430769480828,0.49882913398080814,0.1667802451690216,-0.8505021134090839,0.7603902059058315,0.3845191749241564,0.5234039920349602,0.4124839135214556,-0.908414415770109,0.06811952955706073,0.5016609969376841,0.1640983038812313,-0.8493573987520163
0.5973515179990788,0.5230997810819229,0.6078961942439193,0.7969826144086576,-0.30271759506461915,-0.5226669780736434,0.08938610783861914,-0.796698610937874,0.5977302460601478,0.5945112112038514,0.520873344447729,0.612574386337502,0.7996015576672397,-0.4633235466544937,-0.3820584249713988,-0.0848160876783071,-0.7169534504829018,0.6919421804685759,0.5900679207682559,0.5302063867443956,0.6088522286529624,0.8038506367026224,-0.45600315930439567,-0.3819493062923377,-0.07512657820648433,-0.7148022846632923,0.69527957764278,0.6136354565115917,0.5244793062713269,0.5902312968700985,0.7795569074561884,-0.5212078374670036,-0.3473232186311663,-0.1254693370874106,-0.6732487262937206,0.7286930753031269,0.6103421851564004,0.5264684887263164,0.5918727459486025,0.78207076193741,-0.5192323598160036,-0.34462019650993053,-0.12588780854852138,-0.6732226131809097,0.7286450252082407
0.5637033296932562,0.7712054534885529,-0.29577137218171085,-0.6425649501890102,0.18445319085503298,-0.7436983966447634,-0.5189882858806459,0.609277579509465,0.5995264716638926,0.5345064821504757,0.7812490196502694,-0.322417105369142,-0.6701986087657855,0.15938082329041464,-0.7248665932264196,-0.5149142116387246,0.6035293882345439,0.6087820892484503,0.6250826731439137,0.7454483066324252,-0.23147024403605207,0.592034428637735,-0.2595254339528204,0.76298216521698,-0.5086913475211173,0.6139652850694821,0.603555914300158,0.7195136499067712,0.6856844518506705,-0.11016778153381046,-0.5019275350998513,0.40380183322566715,-0.7648613135674845,0.479967558389547,-0.6056243984301131,-0.634704837636945,0.6259315035088657,0.7471123496753427,-0.22368032966204104,0.5876893519254254,-0.26331941345139515,0.7650386344055358,-0.5126704385359115,0.610316330653377,0.603889888960888
0.6791024210886569,0.6755012511428513,-0.28725939736754885,0.6611498760620312,-0.3928653475993006,0.6391695080640512,-0.31890553939165955,0.6239830753795514,0.7134033771893649,0.6916998951799734,0.6734050192625122,-0.2609155707121932,-0.6112819561941527,0.3535494265869322,-0.7080516739557233,0.38455900072610977,-0.6492522491236415,-0.65619043879687,0.7023921152572179,0.6693631922891151,-0.2420707194871301,-0.5804510210738398,0.3418082448398387,-0.7390830372115471,0.41197321339964305,-0.6596362941561315,-0.6286159645388729,0.6803748240368481,0.7008715765172592,-0.21417080110752607,-0.57137137808423,0.324284914528332,-0.7539058578599055,0.45893882721225027,-0.6353096311559931,-0.6210932501947515,0.7013070955539072,0.6694700299135072,-0.24490454624884117,-0.5837102632580503,0.34208663162897957,-0.736382417652646,0.4092073878768078,-0.6593835117049458,-0.6306843094597269
0.04718226454237695,-0.938950123277924,-0.34080272872884115,0.9981803560244438,0.05714466545280272,-0.019247442874363502,0.03754744677828033,-0.33927445115519406,0.9399377830653335,0.06412978800110743,0.9474578676992815,0.3133862779792109,-0.9968109936634107,0.04587273726356614,0.0652957493847176,0.047489085090124006,-0.3165742897183505,0.9473782274712799,-0.01586530075098856,0.9481233690720976,0.31750648694389894,-0.9961518802370128,-0.04236278101660801,0.07672565597505837,0.08619584521509571,-0.3150674083492526,0.9451469750592979,0.7918607061230323,-0.5407606007079926,-0.2837861779936845,0.6048510177335271,0.7586236362405351,0.2421681747957491,-0.08433189458946526,0.363411820472476,-0.9278038479634757,0.10854414795834512,0.9439393982172781,0.31176366118776583,-0.9910585413189615,0.07827356406640834,0.10805654467488005,0.07759597684628607,-0.32070494486606416,0.943995340409965
0.9970220821378925,0.07648978075251549,0.0098122968694448,0.07674052778566594,-0.9966463337010715,-0.02840733911140267,-0.007606518559725113,-0.029075745229398688,0.9995482689268966,0.9986729825851767,0.051495166847089276,-0.000722250522765884,0.05141606913709335,-0.9977443224678415,-0.04315848488625457,0.0029430747385743514,-0.04306407754240028,0.999067977435222,0.9938230788655297,-0.09798244843645862,-0.052106887381956124,-0.10284917766445317,-0.9895754202977237,-0.10080939537726401,0.041686143596942046,-0.10554585421029337,0.9935403052171738,0.9683170567124618,-0.23369509498250451,-0.08802658837438308,-0.241049634566246,-0.9667863831131875,-0.08496565837089802,0.06524684938902514,-0.10349247319510275,0.9924878622113051,0.9985095924699414,-0.04050674806994991,-0.03657590882409833,-0.04344926040157225,-0.9955512133004046,-0.08360588177065542,-0.03302658801734612,0.0850704711218295,-0.9958274245204545
-0.12022024571894331,0.40064003485922556,0.9083141829715505,0.37501756490951527,-0.8288289031239205,0.4152161790630715,0.9191892724181538,0.39055116414421,-0.05060503588565005,0.3086843989786645,-0.8208663718995449,-0.4805125818453232,-0.2782716085613036,0.4051432350669126,-0.8708753475373043,0.9095487088088717,0.40253864232393155,-0.10336240970546594,0.5026942462753207,-0.8620579764486043,-0.06445572125905097,0.41029513085285996,0.17229823606661562,0.8955284604337079,0.7608918453762804,0.47662287302401896,-0.4403115221638065,-0.639996067730009,-0.4161630704036075,-0.6459205308103837,0.5561389655222229,-0.8309416353681237,-0.015666832469264105,0.530202305085519,0.369248286988566,-0.7632438786115564,0.5427080023679116,-0.8398553375577611,-0.010537368816269354,0.4064194756117404,0.251604623810551,0.878361157565969,0.7350450557682221,0.4809762210888293,-0.47788140865470047
0.290839075312751,0.6490077117610696,0.7029947527157543,0.9544793892308155,-0.2476467341651429,-0.16625339271999579,-0.0661946206635697,-0.7193469852108924,0.6914898314966076,-0.10911201523161963,0.7465527433790948,0.6563181922552828,0.9750693157692314,-0.04795842196852457,0.21665599278028708,0.1932211105894427,0.6635955026335215,-0.7227078326039824,-0.09595310506902549,0.7704419698025162,0.6302477074884376,0.9845946244746191,-0.019517199886570302,0.17375990436309308,-0.14617259347530287,-0.6372113072407035,0.7567002860058252,0.20597104518348405,-0.8256045748666343,-0.5253123018788988,-0.9749196487116802,-0.12688121782609393,-0.1828464796457971,-0.08430662549240568,-0.5497983653324658,0.8310319791535293,-0.09705873377373363,0.7724789248117915,0.627579407660782,0.9850751677955785,-0.015499363168967384,0.17142544599291415,-0.14214962536268805,-0.6348512270311645,0.7594454579140443
0.17305631325695334,0.1586431115877418,0.9720513749733963,-0.5385554798373728,-0.811084861516217,0.2282528040492745,0.8246268899199495,-0.5630041834347048,-0.05492523878849284,-0.25204774542614056,-0.10553879835924398,-0.9619425638085083,0.3694405976480334,0.908251895240206,-0.19644882183927162,0.8944191292873066,-0.40489511831270697,-0.1899325257334189,-0.25464954712219434,0.021821017687843704,-0.9667871799613028,-0.2094805855091722,-0.9772517500522467,0.03311950051790926,0.9440717623386455,-0.21095701032885406,-0.253427795136832,-0.24097304909357822,0.2194841184779255,-0.9453881273564377,0.29638871769963177,0.9442008508426492,0.14366099431782248,0.9241675809239965,-0.24558394695904978,-0.29257957441541027,-0.24329026771294882,0.1647206997451524,-0.9558644970452815,-0.2408847104890482,-0.9648615979539165,-0.10496024507603968,0.9395660710608749,-0.20471733651374596,-0.27442013454181624
-0.16909575145361458,-0.21078682255796713,-0.9627956908276303,0.6775108103108441,-0.7343254405498494,0.04177618069202959,-0.715811238213177,-0.6452403139894356,0.26698166313537963,-0.1782131394309624,-0.20222086260495412,-0.962988473275495,0.6851232907093132,-0.7279602494159068,0.026075885372762692,-0.7062904172235404,-0.6551187663299226,0.2682783042673371,0.18462798072774872,0.19542329898120264,0.9631833900912626,0.6678283693353672,-0.7439619571382131,0.022931974226917243,0.7210532420308908,0.6390073086799424,-0.26786541697344673,0.09098916055234375,0.2680747256879467,0.9590917130855171,0.5702718816662369,-0.8035664052814252,0.1705022383546236,0.8164012209954298,0.5314291803715895,-0.225991310909847,0.12621669098410207,0.24477016229875537,0.9613308039198912,0.6155837936484986,-0.7792495553590316,0.11758708887490206,0.7778984123356637,0.576938209967924,-0.24903084540807632
