-1.542472300479192371e-01,7.853320377262980045e-01,5.995509841066101187e-01,9.628488283777978385e-01,-1.665334939978868611e-02,2.695269924242663651e-01,2.216527142041040954e-01,6.188507546043949814e-01,-7.535872993963770305e-01
2.301478937556284965e-01,-8.107629878486173336e-01,-5.382335223066566643e-01,-9.500387009304684938e-01,-6.735298157582619849e-02,-3.047786780717995359e-01,-2.108516391546319257e-01,-5.814868471492961044e-01,7.857573625860442279e-01
1.012547681561284940e-01,7.553383275643482664e-01,6.474654298400353003e-01,9.866788344725795357e-01,-1.595387588271447998e-01,3.181606568584932626e-02,-1.273277249049899473e-01,-6.356189073211929719e-01,7.614304007106178496e-01
-2.144629194035337777e-02,8.060126109448684240e-01,5.915097019997602734e-01,9.909999339715723776e-01,-6.105575610703428691e-02,1.191273499853728879e-01,-1.321332184968954104e-01,-5.887409155511738046e-01,7.974490246565089091e-01
1.424042446381315434e-02,7.953271269523337628e-01,6.060131776164910944e-01,9.913345190936350138e-01,-9.038369558353628874e-02,9.532396774187373856e-02,-1.305874479591417614e-01,-5.994043282346307455e-01,7.897223371091318667e-01
3.218910544655900763e-02,-7.980040365145730785e-01,-6.017918404207539540e-01,9.993778097671287552e-01,1.701254500527930869e-02,3.089606216818580053e-02,-1.441717155364952846e-02,-6.024119280184376812e-01,7.980551448023508465e-01
1.486391723086289418e-01,-8.260107326587063925e-01,-5.437027367854916360e-01,-9.878344326552206400e-01,-9.860912235928670500e-02,-1.202471398756333187e-01,-4.571137841002619745e-02,-5.549617198691807474e-01,8.306190217926002761e-01
1.150466674270365641e-01,-8.213586014595781748e-01,-5.586898174499856928e-01,-9.925217257314269403e-01,-7.194389970881026608e-02,-9.861388972045756485e-02,-4.080304235032885390e-02,-5.658569811383916681e-01,8.234931624682159113e-01
-3.049466075229459450e-02,8.065293812756368919e-01,5.904070060600069558e-01,9.988027908678063227e-01,4.719233347578846716e-02,-1.287899902131167673e-02,3.824997542853370014e-02,-5.893074246946563566e-01,8.070029111344444450e-01
1.814034595571178965e-01,-8.263998479286168708e-01,-5.330629195547820220e-01,9.834086046798664604e-01,1.527434124273835958e-01,9.786197525922066265e-02,5.487278990872273502e-04,-5.419711627970598133e-01,8.403969047980219820e-01
1.383769880363275862e-01,-8.233890747884196060e-01,-5.503473818426546371e-01,9.903296591239548752e-01,1.206211650447744921e-01,6.853977533281377377e-02,9.948640179710695891e-03,-5.545096627312386950e-01,8.321178152739325817e-01
4.814295244741848001e-02,8.134423268656871819e-01,5.796497537245935971e-01,-9.958672979854700236e-01,-5.652409656813406347e-03,9.064422247551584544e-02,7.701026511293712629e-02,-5.816181145119260210e-01,8.098084884334242339e-01
1.693225041262544361e-01,-8.282121126103628717e-01,-5.342233485368212964e-01,9.847032843392952151e-01,1.647711916199313120e-01,5.665594605646542825e-02,4.110147695423791575e-02,-5.356446125348667264e-01,8.434426581899644448e-01
1.165030860075205454e-01,8.104476298815320723e-01,5.741094583527881490e-01,-9.893318889636764091e-01,4.379454652694203531e-02,1.389404590969214315e-01,8.746110238436327622e-02,-5.841717871601699308e-01,8.069038843975191444e-01
1.447683552719213895e-01,-8.314792259739205438e-01,-5.363622097852089876e-01,9.882268067920401133e-01,1.486174671613450515e-01,3.634042916855054206e-02,4.949648118271326308e-02,-5.353084580205661469e-01,8.432051666837514503e-01
-1.869941357919434055e-01,-7.896538777066635095e-01,-5.843628552554095412e-01,9.785463926340840501e-01,-9.735675040179581075e-02,-1.815726317869078010e-01,8.648786413275426355e-02,-6.057791813639957779e-01,7.909180948642670073e-01
1.419132861319924721e-01,-8.193908463876069526e-01,-5.553910875008896131e-01,9.886939384967730060e-01,1.447779271570368287e-01,3.903393123746631832e-02,4.842432445536808128e-02,-5.546512351598191781e-01,8.306726744854003863e-01
-2.497303548158628581e-02,8.189692103639814036e-01,5.732937990024242758e-01,-9.979098441652847207e-01,-5.461239578744964129e-02,3.454604383098380804e-02,5.960109409107133827e-02,-5.712328060450940770e-01,8.186212743882214093e-01
2.170196738592827801e-01,7.794246169330518725e-01,5.877071785139060811e-01,-9.714854840640505529e-01,1.135550031567827273e-01,2.081374918434936994e-01,9.549039433811074007e-02,-6.161189234042633300e-01,7.818433710228176459e-01
2.064125379818154138e-01,-8.000993778954242908e-01,-5.632360514520184935e-01,9.767153112099343781e-01,2.028931618436799200e-01,6.972492900789181713e-02,5.848987102043278624e-02,-5.645133748357336057e-01,8.233490053553131904e-01
-4.312866310784776308e-02,8.089099711438585416e-01,5.863485115548359161e-01,-9.966554666233736759e-01,-7.560983097159318378e-02,3.100055338526983006e-02,6.941036859342855636e-02,-5.830504369644953222e-01,8.094654956742971530e-01
2.992395561778588564e-01,7.803081864547499746e-01,5.491582851693828093e-01,-9.470740793684688796e-01,1.727919663402394945e-01,2.705432027544609208e-01,1.162169359725414020e-01,-6.010508052735414886e-01,7.907158486290647437e-01
2.818567875027919722e-01,-7.912889400017765196e-01,-5.426035060423693990e-01,9.565132220446175282e-01,2.760046232994881055e-01,9.436050005766324911e-02,7.509465621753969033e-02,-5.456035752707024677e-01,8.346721100284808514e-01
-3.187914266707898847e-02,8.203367549296569639e-01,5.709915312631984596e-01,-9.956079087143834272e-01,-7.637660837969806327e-02,5.414338184659754638e-02,8.802620273636846404e-02,-5.667576397402106503e-01,8.191685818120233442e-01
-3.557216093387167710e-01,-7.794610451778489768e-01,-5.156574596568231916e-01,9.279241840068137570e-01,-2.287698384602482315e-01,-2.943145761700579066e-01,1.114398734060755985e-01,-5.831850821661394013e-01,8.046591294169919140e-01
3.056558622017092608e-01,-7.975643589095460229e-01,-5.200630608867871096e-01,9.497453508133618660e-01,2.941193940905958981e-01,1.071333310794811838e-01,6.751490583667205114e-02,-5.266734048886324571e-01,8.473823588397861872e-01
5.859971451305653889e-02,8.357424296157073274e-01,5.459859565950599958e-01,9.950324018552035854e-01,-4.808028601569903915e-03,-9.943541682535150805e-02,-8.047728075210540399e-02,5.491006048084456914e-01,-8.318725461762432882e-01
4.503250805174597859e-01,7.610401519090743694e-01,4.669316963316548774e-01,8.851794788331693864e-01,-3.120673505080698296e-01,-3.450670355155829871e-01,1.168957317851350153e-01,-5.687106961620179701e-01,8.141888797824071711e-01
5.150764943408993046e-01,-7.219902795846756538e-01,-4.619807800793572783e-01,-8.545556357141439463e-01,-4.744055952025954537e-01,-2.113622405011529592e-01,-6.656478383263594867e-02,5.036560010818034172e-01,-8.613360332225759031e-01
3.066112016541504004e-01,8.177805350719800082e-01,4.870570474570553032e-01,-9.479365377660535774e-01,2.160856425284994609e-01,2.339301508167621613e-01,8.605748885660897962e-02,-5.334247759060615213e-01,8.414583275844758070e-01
5.247108203178313390e-02,8.550944440132680624e-01,5.158103114208295592e-01,-9.957187583664444119e-01,5.438365174967476831e-03,9.227447329250688945e-02,7.609822460215333317e-02,-5.184437442981283395e-01,8.517189349841512991e-01
4.615442940998388810e-01,7.628122088906661435e-01,4.528734906695519036e-01,8.779795987416372238e-01,-3.197010417279894101e-01,-3.562907073044600526e-01,1.269987747080862650e-01,-5.620576286159469914e-01,8.172897487043765397e-01
8.882299924143836067e-01,-3.594874269252646415e-01,-2.860354356687225819e-01,4.534169025795576902e-01,7.861560270126651817e-01,4.199664434771202548e-01,-7.389582552961508621e-02,5.027200921728848249e-01,-8.612850375427305583e-01
4.512742011537982934e-01,7.770746074755466859e-01,4.387557974428664687e-01,8.869663341276737833e-01,-3.364745289403852646e-01,-3.163472988638597605e-01,-9.819530282613189720e-02,5.319209958171139396e-01,-8.410812901924601404e-01
4.350846660511227815e-01,7.886189214769078193e-01,4.344899654258788657e-01,8.963478447540781380e-01,-3.336931913658786608e-01,-2.919064837251375000e-01,-8.521663318802273623e-02,5.164581790664696248e-01,-8.520616613270688422e-01
4.480168441373281185e-01,7.801114712487786651e-01,4.367001257101886802e-01,8.891062748854509090e-01,-3.376121881595937624e-01,-3.090437547749637082e-01,-9.365329320715723438e-02,5.267296297268236893e-01,-8.448579512789694546e-01
4.426570930741984267e-01,7.845960767174503525e-01,4.341240541028402178e-01,8.923712740464582183e-01,-3.379905187656744858e-01,-2.990583864084266352e-01,-8.791022243062598940e-02,5.197801512409794267e-01,-8.497649011156573895e-01
-4.473395330362543998e-01,-7.697303464156144415e-01,-4.554146857423511108e-01,8.841721906026230871e-01,-3.039583947180469203e-01,-3.547517887839143902e-01,1.346361004629325619e-01,-5.613594998637918554e-01,8.165467729192300572e-01
9.614985761333499914e-01,-1.861868176424287813e-01,-2.021260919073187834e-01,2.624240214209783706e-01,8.403906019718984099e-01,4.742122616493082421e-01,-8.157279616871546124e-02,5.089971562332104016e-01,-8.568942606131296769e-01
5.384646517283318001e-01,7.407504168342786688e-01,4.016772819054232335e-01,8.362644835293608914e-01,-4.112003811053975832e-01,-3.627340074574579853e-01,-1.035255158231900841e-01,5.312278856937188154e-01,-8.408801347605522336e-01
-8.389470830385129529e-01,-5.000848267122806057e-01,-2.146694155051427910e-01,5.359728105434637957e-01,-6.908638333018510824e-01,-4.852219185008162516e-01,-9.434478374193012995e-02,5.221324831186244797e-01,-8.476300678085151308e-01
5.046852761144272614e-01,7.565438409070822656e-01,4.158535666059191560e-01,8.538226840241702753e-01,-3.662241761081679869e-01,-3.699549662859735744e-01,-1.275915213447446905e-01,5.417760327104299556e-01,-8.307822422641690796e-01
9.969088095930405125e-01,2.131878725216754256e-02,-7.561967115693613017e-02,1.922560387150437297e-02,8.670279676044073680e-01,4.978884207807475204e-01,-7.617874711205432914e-02,4.978031867132505228e-01,-8.639379525096519963e-01
8.631403034894999937e-01,4.687961204456022601e-01,1.876672958914422651e-01,-4.962240031431793819e-01,7.186012428176751232e-01,4.872104191470567613e-01,-9.354440227299326560e-02,5.136559658721441268e-01,-8.528815823590885081e-01
-6.665465885566436155e-01,-6.732912522280080081e-01,-3.199914607559728452e-01,-7.362741509306036658e-01,5.274028869703859534e-01,4.239652927855310227e-01,-1.166877026722132893e-01,5.181940606457617893e-01,-8.472655401682154253e-01
9.886242931795850009e-01,1.501711208041616452e-01,8.404844530891145138e-03,-1.355830817940991695e-01,8.656089635090422618e-01,4.820148858946334269e-01,-6.510940689624808431e-02,4.776711805931186938e-01,-8.761227130741419122e-01
9.337552153340011873e-01,3.415841601580324460e-01,1.068712279600294440e-01,-3.488213935380644060e-01,8.016506135420989887e-01,4.854687726494246736e-01,-8.015505752424934016e-02,4.905879690093383760e-01,-8.676973040274912341e-01
7.650132010315210396e-01,5.919073207844898210e-01,2.537725868750064229e-01,6.359762900580139267e-01,-6.322760353747206574e-01,-4.424490632545967084e-01,1.014345144985197011e-01,-4.998727224929884749e-01,8.601385356882329525e-01
9.400626331820429726e-01,3.191687124167712497e-01,1.200565646229462546e-01,3.383797419881922064e-01,-8.295316198910016592e-01,-4.442706852955919383e-01,4.220658606008932667e-02,-4.582669796256663153e-01,8.878119054607915839e-01
9.016148790009946845e-01,4.036932870455464117e-01,1.553136824570966190e-01,4.285188647017211805e-01,-7.848165621328353492e-01,-4.476991695287648176e-01,5.884039903645894160e-02,-4.702070754426816990e-01,8.805924787578364166e-01
7.242145360381255781e-01,6.303247332295108807e-01,2.796498461830954074e-01,6.820838135650966194e-01,-5.951837748612599510e-01,-4.248740347613587098e-01,1.013655615264739268e-01,-4.984445855068022069e-01,8.609750391941540792e-01
8.309897938889141411e-01,5.028976652569620009e-01,2.378022302913842811e-01,5.555685298300596653e-01,-7.285346772170140373e-01,-4.007253832174436092e-01,2.827668854243401558e-02,-4.651141390792133956e-01,8.847989978032729796e-01
8.073016335996801018e-01,5.364369492113615356e-01,2.459664040231824833e-01,5.883360207314378698e-01,-6.990403023457277820e-01,-4.064521895700536902e-01,4.609554313798067127e-02,-4.728404119966915231e-01,8.799415581080448634e-01
6.857234233143902902e-01,6.617998000180529417e-01,3.029924279813918653e-01,7.219968533050343806e-01,-5.657209961629529049e-01,-3.983469572094475719e-01,9.221675843154744645e-02,-4.919154187423503966e-01,8.657455112606219361e-01
7.540301385148058255e-01,5.843105166785341753e-01,3.000329487076499602e-01,6.567909591199452279e-01,-6.651475414852706658e-01,-3.552525637830118432e-01,8.011630897955887218e-03,-4.649300680263270813e-01,8.853111575120862220e-01
7.411209839784657083e-01,5.989106286924259503e-01,3.033904183490866435e-01,6.710550106491361966e-01,-6.469465105152332196e-01,-3.621400077523206362e-01,2.061212724292403597e-02,-4.719812192994613520e-01,8.813676127695612150e-01
6.048234936007069740e-01,7.151058371977760952e-01,3.504456922182143663e-01,7.891438505194048325e-01,-4.790862613388789382e-01,-3.843544423884581174e-01,1.069603888177430018e-01,-5.090186595813589454e-01,8.540840002142374709e-01
5.947927460777227004e-01,7.228612189986832748e-01,3.517005079340364548e-01,8.016776225669320910e-01,-5.010262409303735121e-01,-3.260148698673276946e-01,5.945232282050035011e-02,-4.758617067667001432e-01,8.775084371926744620e-01
5.957342867261271602e-01,7.187599297523337150e-01,3.584477967589319025e-01,8.006376970583293229e-01,-4.959371280629117362e-01,-3.361928658639946610e-01,6.387438976653769807e-02,-4.872684356606026279e-01,8.709130461422776026e-01
4.154177573318970085e-01,8.404416995846324401e-01,3.479739020280566142e-01,8.819929150129658391e-01,-2.785762315188339278e-01,-3.801102223036055272e-01,2.225232229684546703e-01,-4.648150522864544776e-01,8.569891378586266262e-01
3.525512194746500128e-01,8.710394005468486966e-01,3.420497044903326733e-01,9.203608606949942317e-01,-2.566382613713273919e-01,-2.950808175755785245e-01,1.692439769909306613e-01,-4.188402625050380301e-01,8.921487043968647779e-01
3.412042095509251749e-01,8.959066251351459620e-01,2.844837542350732718e-01,9.104625149791120142e-01,-2.397287008286235199e-01,-3.370284243456785900e-01,2.337470774205291368e-01,-3.740073114766253592e-01,8.974858409798942560e-01
1.913767450920565993e-01,9.333123429812245631e-01,3.038141074355614202e-01,9.623481373688285156e-01,-1.175487789194318844e-01,-2.450884474578459149e-01,1.930310957869655619e-01,-3.392791697311334231e-01,9.206674975504653968e-01
5.367066460479639201e-01,8.290017732731130851e-01,1.571688136939988212e-01,8.119162297682244178e-01,-4.567103110502109820e-01,-3.636038058373028403e-01,2.296475820183980776e-01,-3.227564897727899784e-01,9.181994534863601176e-01
1.767731051272848353e-01,9.573525835735684497e-01,2.285329298562288058e-01,-9.685791723407014553e-01,1.279338508906144312e-01,2.132775579007321898e-01,1.749447233027053017e-01,-2.590539722168185843e-01,9.498870371087438924e-01
-2.986433298271646275e-01,-9.304382085400304536e-01,-2.123603108835612763e-01,9.351024341240798954e-01,-2.407991744096107389e-01,-2.599984524932220653e-01,1.907763068228437442e-01,-2.762254472210503020e-01,9.419681008731488614e-01
6.467456511774505312e-01,7.585689515567531904e-01,7.932974484481117305e-02,7.195420761345473482e-01,-5.723413086684832063e-01,-3.932996657303851618e-01,2.529412250999039102e-01,-3.114459377255310302e-01,9.159815306649060629e-01
5.278908717265614614e-01,8.419695343999666903e-01,1.114384614487923253e-01,8.292695902742326375e-01,-4.826405430323030821e-01,-2.817269118630480462e-01,1.834207572609415915e-01,-2.411335923586475360e-01,9.530012678071503318e-01
6.111557038379032969e-01,7.863338646282423960e-01,9.037565493654919901e-02,7.607459471347165492e-01,-5.520354128455938758e-01,-3.413539319862858301e-01,2.185275945607333681e-01,-2.773733157735394084e-01,9.355798918918105667e-01
5.755920755181360704e-01,8.116535415394214859e-01,9.956048968962882828e-02,7.931315905155048585e-01,-5.244777244334989375e-01,-3.096213763605544234e-01,1.990880275834527868e-01,-2.571801801841911983e-01,9.456332863184107040e-01
5.964252999109436182e-01,7.971345234543513181e-01,9.409257751462150876e-02,7.749885790854066370e-01,-5.413681516652482095e-01,-3.260570910894824981e-01,2.089726391500170144e-01,-2.673893712916746712e-01,9.406558138909894007e-01
6.857763467476385433e-01,7.270116004672944054e-01,3.413114453759016204e-02,6.709085250344629658e-01,-6.132855133552180815e-01,-4.168484498528303717e-01,2.821215221806798734e-01,-3.087636829269429506e-01,9.083349794144484068e-01
6.761023411813781303e-01,7.358169395978684246e-01,3.819758696418214944e-02,7.044953620500498115e-01,-6.303987804911946879e-01,-3.260117519433678446e-01,2.158052573479815606e-01,-2.473273315993236299e-01,9.445937126325423261e-01
6.793337366285853163e-01,7.327337936187046097e-01,4.008568282298958368e-02,6.917409552428425146e-01,-6.211809788278535027e-01,-3.682779417534935429e-01,2.449492296741581365e-01,-2.779125388168219857e-01,9.288511698062424937e-01
6.779255324969181151e-01,7.340701835964626998e-01,3.947072261088958867e-02,6.982805674037297905e-01,-6.262280617381703607e-01,-3.467602397593763652e-01,2.298286787480963989e-01,-2.626392587682013779e-01,9.371229365342597095e-01
6.784715185787081326e-01,7.335451956297177611e-01,3.984776588544762521e-02,6.954276339221791003e-01,-6.238415546435969183e-01,-3.566540630320376715e-01,2.367631822199179059e-01,-2.696908612994145527e-01,9.333863267032994626e-01
7.124778110009469811e-01,7.015909746275337255e-01,-1.206122516522675422e-02,6.260964883905892897e-01,-6.433849606718174963e-01,-4.405212589720240990e-01,3.168257503049138335e-01,-3.063101315701323157e-01,8.976611539112164806e-01
7.161973326511501536e-01,6.977814597825356957e-01,-1.274421779203481139e-02,6.482425407291528829e-01,-6.718939516152424574e-01,-3.582459018214541602e-01,2.585401111866209023e-01,-2.483134151966170100e-01,9.335402823344057799e-01
7.108905898930725220e-01,7.032852829544076201e-01,-4.937608856330603230e-03,6.453712919155961680e-01,-6.551084105345200692e-01,-3.928471280512676467e-01,2.795182726990741995e-01,-2.760847355915811985e-01,9.195905360543098483e-01
7.129234432664983689e-01,7.012011913651829964e-01,-7.553361442947220325e-03,6.471675716540132850e-01,-6.620579152722050331e-01,-3.779595891426347221e-01,2.700264769249257069e-01,-2.645679611243009766e-01,9.257912808544066507e-01
7.274671095977640611e-01,6.848787914628228224e-01,-4.162505805278468585e-02,5.985488939572385370e-01,-6.630884569785974181e-01,-4.495029696946497566e-01,3.354561461592874272e-01,-3.020839936609782672e-01,8.923084863307044756e-01
7.312392178014106570e-01,6.806824797814891026e-01,-4.427830244830193579e-02,6.190606004731635803e-01,-6.894975710657094137e-01,-3.759748295249200623e-01,2.864492612854623865e-01,-2.475165877532431724e-01,9.255713692071529941e-01
7.282308848282055269e-01,6.843088228061365852e-01,-3.743278525580919641e-02,6.145254853684478658e-01,-6.761963037402015653e-01,-4.063458953167392029e-01,3.033779923049825800e-01,-2.729102303647993888e-01,9.129522440671418160e-01
7.293485523616975996e-01,6.829848703216558903e-01,-3.977883959602632191e-02,6.162964324761563972e-01,-6.811525160940300472e-01,-3.952340536137209370e-01,2.970343355322038192e-01,-2.637478279161405981e-01,9.177187405651360264e-01
7.373850169982257841e-01,6.700970951771393347e-01,-8.504833767738358141e-02,5.698255523385589161e-01,-6.847147980344394647e-01,-4.543836322478102541e-01,3.627150074212295294e-01,-2.865929663962755169e-01,8.867368803673391087e-01
7.384043845235646053e-01,6.683249406413738214e-01,-9.000410342356233995e-02,5.896591542115219298e-01,-7.046431784120473774e-01,-3.946898440192250224e-01,3.272018440824074892e-01,-2.383689678504134490e-01,9.143955317011345230e-01
7.394686556725579285e-01,6.675430546492174821e-01,-8.701940856735466967e-02,5.829385329943224114e-01,-6.996109738934200850e-01,-4.131914229002436878e-01,3.367027977731215649e-01,-2.548151396551872616e-01,9.064769553464995244e-01
7.438407251776248952e-01,6.605049480036623288e-01,-1.021478792237212607e-01,5.479302730341070182e-01,-6.901658543708728555e-01,-4.726981165112598138e-01,3.827184232043112644e-01,-2.956421944229242205e-01,8.752841261080908097e-01
7.464182322461776486e-01,6.557683828437945728e-01,-1.132592187547019347e-01,5.645341692300114289e-01,-7.140754556878419201e-01,-4.140017093635987022e-01,3.523648596870466720e-01,-2.450797250827472795e-01,9.032025985409325441e-01
7.481120305888349087e-01,6.541535561995800441e-01,-1.114069773384637196e-01,5.559118905997302296e-01,-7.095146853136330423e-01,-4.330714504722393277e-01,3.623401158829687163e-01,-2.620534988046125391e-01,8.944482121320257439e-01
7.693734848335060938e-01,6.247620875924541073e-01,-1.331794831881590313e-01,4.950520964236964638e-01,-7.149024092442539668e-01,-4.937995211452360089e-01,4.037175530759713471e-01,-3.139854760397040589e-01,8.593167391448107706e-01
7.657337689843206618e-01,6.265340876969938133e-01,-1.452819052420595003e-01,5.304922004339711616e-01,-7.429860369077566640e-01,-4.081051019514813638e-01,3.636341847458661736e-01,-2.354289402639385687e-01,9.013009451733692279e-01
7.674057097315564180e-01,6.250044149166242846e-01,-1.430313182702808161e-01,5.201106327143854013e-01,-7.372830953451348091e-01,-4.311595610162651249e-01,3.749312022342870532e-01,-2.564821994857048315e-01,8.908666987479818555e-01
7.799860201588597608e-01,6.001992603324458608e-01,-1.771515064940962780e-01,4.981517428680755644e-01,-7.668314556496950152e-01,-4.047398667090612578e-01,3.787699162212354032e-01,-2.274431061222887684e-01,8.971081228275682440e-01
7.733562327753519261e-01,6.071357609886366413e-01,-1.825001505650472866e-01,5.334591601142042450e-01,-7.787416440438813536e-01,-3.301253948457774645e-01,3.425514001106459983e-01,-1.579481546602597153e-01,9.261268372753562739e-01
7.744534991371366806e-01,6.063354290021253368e-01,-1.804968842142535557e-01,5.261328630109698423e-01,-7.757394483087833859e-01,-3.484429921772925765e-01,3.512918845264223489e-01,-1.748875520853133414e-01,9.197871253673222114e-01
7.689594796350609496e-01,6.024341900291169116e-01,-2.139494458121772857e-01,4.703612820896753144e-01,-7.597896099484345855e-01,-4.488652502983076498e-01,4.329683394779957339e-01,-2.445256536610564968e-01,8.676091410948251204e-01
7.530951859766897849e-01,6.234625812208531848e-01,-2.101000968018947868e-01,5.340058668417435594e-01,-7.657917631466726327e-01,-3.583304475973370651e-01,3.842985493562694477e-01,-1.576622507581969257e-01,9.096467664145937437e-01
7.523877197914753401e-01,6.248707068745819049e-01,-2.084450018519137526e-01,5.267838934699130560e-01,-7.607578720910928016e-01,-3.791387472049131957e-01,3.954888730263634855e-01,-1.754538678442069399e-01,9.015567045787216127e-01
7.837578915250149603e-01,5.795762628388002602e-01,-2.231925693791645127e-01,4.488002432908826389e-01,-7.769393913875191071e-01,-4.415240919048877277e-01,4.293039821551944413e-01,-2.458791118907856232e-01,8.690463470042839589e-01
7.690742433279474932e-01,6.063904712406911202e-01,-2.020282273298414366e-01,5.028076282436136912e-01,-7.691317081031542324e-01,-3.944881551711745815e-01,3.946001738843725737e-01,-2.018093456181300760e-01,8.964171410630237258e-01
7.675110837376497575e-01,6.088270552014681813e-01,-2.006398594361714638e-01,4.962025301356227658e-01,-7.624105016095031884e-01,-4.153471754117895043e-01,4.058445335677992039e-01,-2.192255548293905176e-01,8.872600355492640256e-01
7.837725682250593628e-01,5.668052902492649592e-01,-2.538352305006955079e-01,4.394056535315257750e-01,-7.949425661699897061e-01,-4.183168513646139397e-01,4.388886338724522496e-01,-2.163286375783802784e-01,8.721116256655763177e-01
7.781378560553762203e-01,5.838859049879987495e-01,-2.314707906624251244e-01,4.939224767298823204e-01,-7.965006120214438434e-01,-3.487511462783801086e-01,3.879975050880630771e-01,-1.570478430473041254e-01,9.081816509045024244e-01
7.765052139687966815e-01,5.866443215546119916e-01,-2.299741130366682873e-01,4.909745116832001099e-01,-7.920683205252735393e-01,-3.627282791535786921e-01,3.949476947099662683e-01,-1.687489721687276678e-01,9.030725900143807827e-01
7.703445229611688427e-01,5.787756250591726825e-01,-2.675595107281604768e-01,4.422618176853754801e-01,-7.872716348529756880e-01,-4.296601652161283202e-01,-4.593188441174133607e-01,2.126549994551892586e-01,-8.624407519623340512e-01
7.805524695056944573e-01,5.697561772547780068e-01,-2.571298131850600077e-01,4.919498104997500620e-01,-8.137000246847240215e-01,-3.096411693837553547e-01,3.856465043246494195e-01,-1.151962165528946647e-01,9.154270071360561811e-01
7.694535732726393018e-01,5.649974572265240580e-01,-2.978574691115360440e-01,4.391794811881774563e-01,-8.066346635541477017e-01,-3.955526549729757591e-01,-4.637484036428058953e-01,1.735465150340076701e-01,-8.688032143346963165e-01
7.970952854321582404e-01,5.356213715849024171e-01,-2.788348117494176548e-01,5.010781822290618637e-01,-8.443813620037144974e-01,-1.895805126978260813e-01,3.369862923560014156e-01,-1.139569226766770638e-02,9.414405859967457380e-01
7.961433485945316191e-01,5.455156300588908103e-01,-2.618558111826760348e-01,4.654732367364410317e-01,-8.286171811174055657e-01,-3.110116284629014793e-01,3.866399285779819062e-01,-1.257229673468460429e-01,9.136209832916037943e-01
8.014328005243078756e-01,5.345765676663604138e-01,-2.682039513985919332e-01,5.126558710521991191e-01,-8.449789885173697446e-01,-1.522972975461934775e-01,3.080412701562506017e-01,1.544028063915712894e-02,9.512476930927656893e-01
8.115954305575852068e-01,5.340573465306938106e-01,-2.368451133433880917e-01,4.528702011849681242e-01,-8.312216099644070821e-01,-3.224580841084091487e-01,3.690818851918017951e-01,-1.544454134792416222e-01,9.164743183954977557e-01
7.771300748229296174e-01,5.677225497888634953e-01,-2.715878371115658108e-01,5.501075080899586744e-01,-8.224020482858925840e-01,-1.450399962707635548e-01,3.056968700342923562e-01,3.668756514676933117e-02,9.514218024697763676e-01
7.836652078758663542e-01,5.623890506011348656e-01,-2.637942336913942643e-01,5.307095213179752191e-01,-8.268516627394891794e-01,-1.861819857220042285e-01,3.228254109380506720e-01,-5.906233054774298261e-03,9.464401040022457634e-01
8.192387285249211892e-01,5.302220448664353158e-01,-2.184318860023118647e-01,4.609406221734979048e-01,-8.354627255205234748e-01,-2.992252948801756296e-01,3.411475465472084134e-01,-1.444528206836933615e-01,9.288443002362374301e-01
8.236372255926602826e-01,5.012256029829664783e-01,-2.653198362964718227e-01,4.583024654348171190e-01,-8.638306623673591700e-01,-2.091780029791313611e-01,3.340367806011683705e-01,-5.069005492530959112e-02,9.411960197202683398e-01
8.248239004511418448e-01,5.033048307645000552e-01,-2.575845115174493216e-01,4.496709359794000549e-01,-8.601381290306602256e-01,-2.407456091459317660e-01,3.427266878723848054e-01,-8.274446396438543683e-02,9.357840408466424620e-01
8.688144651113641759e-01,4.230129131136274867e-01,-2.573353853483363873e-01,3.740943982479459917e-01,-9.012776841271775696e-01,-2.185221208341604215e-01,3.243683190645497705e-01,-9.358745339774260374e-02,9.412898502341160434e-01
8.695304861897918958e-01,4.023232922017350721e-01,-2.864484284099002576e-01,3.656290596183565667e-01,-9.143007919461553223e-01,-1.742683350733284231e-01,3.320122352401199128e-01,-4.679776061512863627e-02,9.421134991349336962e-01
9.637380129772187276e-01,-2.087787774047362641e-02,-2.660322472253613402e-01,-2.512412341906833380e-02,-9.996053367838858561e-01,-1.256778005846840435e-02,-2.656648655075513621e-01,1.879587439382503569e-02,-9.638821994106053781e-01
9.286066618150632390e-01,2.538436916467057269e-01,-2.706530026507326658e-01,-2.348477198192062687e-01,9.667736583373274240e-01,1.009714912278729948e-01,2.872911695969873613e-01,-3.020055887285770513e-02,9.573670717730808910e-01
8.251480789320365661e-01,-5.149922963041333457e-01,-2.321929856437653650e-01,4.776419501854168859e-01,8.554835607870516778e-01,-2.000151110445879121e-01,-3.016435234806835730e-01,-5.413697415355706033e-02,-9.518825414785455630e-01
8.886894548443797781e-01,-3.411364230252234009e-01,-3.063608880617013641e-01,3.272380243996426130e-01,9.399134534097201010e-01,-9.735489451708236042e-02,-3.211640207672979419e-01,1.373466362781320706e-02,-9.469239836331178051e-01
8.591264256409784084e-01,-4.269282498264406200e-01,-2.821950642117748709e-01,4.023381052302732463e-01,9.042365260437338348e-01,-1.431095875476990076e-01,-3.162686102746668504e-01,-9.411400984508447309e-03,-9.486229976584162893e-01
8.691976002872451312e-01,-3.989183602180071953e-01,-2.921637786171831230e-01,3.775917960299659537e-01,9.169851465456304584e-01,-1.286960628207151347e-01,-3.192490676975561215e-01,-1.543663067218840326e-03,-9.476695889805560880e-01
7.737022595725796537e-01,-6.191702336773308168e-01,-1.342126494047573004e-01,-6.303729167041928205e-01,-7.735378263624990147e-01,-6.533924603352297966e-02,6.336244485603109711e-02,-1.351571415587795588e-01,9.887961102611230180e-01
7.725637967389513694e-01,-5.914560744603332143e-01,-2.309218308265134356e-01,-5.830967426542140730e-01,-8.048356922003121472e-01,1.106241260597775611e-01,2.512834428973413914e-01,-4.918557252301744565e-02,9.666630285581641058e-01
7.724991937643375106e-01,-6.000498533678942925e-01,-2.078104162611127403e-01,-5.966604850753567391e-01,-7.978835104375835430e-01,8.589627070739584702e-02,2.173505490747340563e-01,-5.763746390124081798e-02,9.743904051107775688e-01
7.652760440744154069e-01,-6.397885219785230948e-01,-7.087470289426400782e-02,-6.395119723622342267e-01,-7.431290493661010244e-01,-1.969356574965536455e-01,-7.332812264866941931e-02,-1.960353619446547346e-01,9.778512787208749613e-01
7.433362918763984917e-01,-6.485614063233997584e-01,-1.637658676503106758e-01,-6.657447332174875054e-01,-7.411144767869758399e-01,-8.679448421381863454e-02,6.507770257639684808e-02,-1.735437539198110279e-01,9.826736274586787001e-01
7.460547250361193594e-01,-6.491712969997549543e-01,-1.482530755260613453e-01,-6.642307689423301298e-01,-7.412046531209416367e-01,-9.702137796457895036e-02,4.690237564943790238e-02,-1.708575118147304672e-01,9.841787834610734587e-01
7.068327187133069955e-01,-7.053875050431163141e-01,-5.306576566302179804e-02,-6.441933309149230347e-01,-6.108889447964893638e-01,-4.602495513633532709e-01,-2.922369931427081791e-01,-3.595040540167515064e-01,8.862022201418980893e-01
7.073397438804807091e-01,-7.018927167898670882e-01,-8.376813740579393264e-02,-6.192337706041659562e-01,-5.581231012551778337e-01,-5.523116341239338034e-01,-3.409105807546071176e-01,-4.425440294057105262e-01,8.294183250730079449e-01
7.120766895247050421e-01,-7.013458797042484427e-01,3.256908438091151575e-02,-6.829947351068702543e-01,-6.812042433478951997e-01,2.635886390972083104e-01,1.626806074854446060e-01,2.099398386840763409e-01,9.640852058202484809e-01
-7.256617953818110811e-01,6.879893541531884038e-01,-9.252421041279121003e-03,-9.034860898606231205e-02,-8.194778096663922484e-02,9.925329667315476723e-01,6.820938993844837261e-01,7.210791979848831801e-01,1.216252550087668222e-01
7.582092972831587785e-01,-6.457595748110409595e-01,9.007348696060178683e-02,1.226752549395025427e-01,2.769683806421779360e-01,9.530158959587075040e-01,-6.403666475847306083e-01,-7.115357247983497002e-01,2.892187217259294396e-01
-7.344731677336866493e-01,6.775132720519342344e-01,-3.905037865022264326e-02,1.566741663283942043e-01,2.252715317413194474e-01,9.616163177651585459e-01,6.603047565212192271e-01,7.001631975335478320e-01,-2.716047225934259401e-01
-7.357480562363218901e-01,6.760885555836100291e-01,-3.973742258050898257e-02,1.268801517135561552e-01,1.952363171246272178e-01,9.725143739692267975e-01,6.652640264177970275e-01,7.104836701040216917e-01,-2.294269593354300030e-01
7.605829567343380671e-01,-6.376478982749115287e-01,1.221422275498516563e-01,-3.797544465167436156e-01,-5.895281493057873412e-01,-7.129117207108148779e-01,5.265929417263522927e-01,4.958444504092801575e-01,-6.905346875590718803e-01
7.712568350805514283e-01,-6.258778249136397465e-01,1.159303352143092880e-01,-3.819157775673310273e-01,-6.007198231761260443e-01,-7.023361252907217578e-01,5.092182569259197100e-01,4.974059130374456350e-01,-7.023418857570101759e-01
7.610452713952159387e-01,-6.376722579630099697e-01,1.190973816309096461e-01,3.122447174699580219e-01,5.210215084497903382e-01,7.943801509005690153e-01,-5.686064819355196587e-01,-5.673717292543408730e-01,5.956307493270058817e-01
7.638719312543011952e-01,-6.345234893208462346e-01,1.178117742075141250e-01,3.237301137112534311e-01,5.346571689391428350e-01,7.806026679293890380e-01,-5.582996382932048363e-01,-5.581412484327595847e-01,6.138239655467988554e-01
8.113675793804741021e-01,-5.541690787068241919e-01,1.859550573001426399e-01,-3.867945967321088641e-01,-7.475156989912686845e-01,-5.400094626026848976e-01,4.382608710221748138e-01,3.662197591157860810e-01,-8.208596085592595459e-01
8.467919844605138469e-01,-5.110314146015890735e-01,1.476151358896630461e-01,-4.108455708180055455e-01,-8.046184486495205901e-01,-4.287132713505215631e-01,-3.378598111534608650e-01,-3.023839370455009279e-01,8.912994461033900695e-01
8.256924281158808387e-01,-5.404337187699301825e-01,1.617510734697150954e-01,-3.252340709695341614e-01,-6.903312120306271948e-01,-6.462705445685339445e-01,4.609282083282442155e-01,4.810137350563178926e-01,-7.457687131104960843e-01
8.327294027838165746e-01,-5.311840466651872594e-01,1.562217984396037929e-01,-3.545494044724155636e-01,-7.282889916982838718e-01,-5.864212345740494881e-01,4.252722204983100940e-01,4.329418588442255911e-01,-7.947986445213297557e-01
8.412870414164772548e-01,-5.163054049739231877e-01,1.602025054093215439e-01,-5.278185333577565252e-01,-7.204829928376342840e-01,4.497908990584321143e-01,1.168062917345535079e-01,4.629611061703117758e-01,8.786485670532808712e-01
9.219518009113168988e-01,-3.805090380474984713e-01,7.223398618757420619e-02,-3.641973541264841852e-01,-7.882787792483900713e-01,4.959605361658684930e-01,1.317769480738102128e-01,4.835591361465884641e-01,8.653354250263405323e-01
8.932075536107577651e-01,-4.348613793406438388e-01,1.143496695694307397e-01,-4.309331251103218907e-01,-7.552936858320971059e-01,4.937895197600056796e-01,1.283624082640124064e-01,4.903335894063527989e-01,8.620301985687885971e-01
9.087963003883388069e-01,-4.062310478300692473e-01,9.521355039778826856e-02,-3.958375929849025088e-01,-7.672822432919220725e-01,5.045696771594927466e-01,1.319162021147770869e-01,4.962401584996928849e-01,8.581047842261533276e-01
9.031351783734972161e-01,-4.168563763928720967e-01,1.028475135570919019e-01,-4.089292844087509815e-01,-7.621197173265732427e-01,5.019465876116810943e-01,1.308575176947010255e-01,4.953829810587647708e-01,8.587619065492557713e-01
9.743476151001886354e-01,-1.293844072274869250e-01,1.841369059014684173e-01,-1.718472130565334155e-01,-9.560556372965921534e-01,2.375418989528146896e-01,-1.453109091337494441e-01,2.630917968310655941e-01,9.537648798980409293e-01
9.105187044395806062e-01,-3.698483233978475115e-01,1.848456289595952484e-01,-3.881556003678910405e-01,-9.186207108394721654e-01,7.396769240570412463e-02,-1.424461960485753909e-01,1.390978335438193270e-01,9.799800375184725132e-01
8.521590612236240592e-01,-3.981144854602489680e-01,3.396024011122307229e-01,7.511828501422532223e-02,7.353309239977563472e-01,6.735322378840731261e-01,-5.178630877278211919e-01,-5.484462495808746230e-01,6.565245872697230700e-01
8.626118114670372483e-01,-3.598723661302976606e-01,3.555175703299868761e-01,-2.917168388100930820e-01,-9.280421021685012484e-01,-2.316012576764532871e-01,4.132821659256571412e-01,9.607151866422077024e-02,-9.055209078918869947e-01
8.705199293643817171e-01,-4.456410822033650132e-01,2.088039234115245113e-01,3.070623419344320482e-02,4.726408582333336272e-01,8.807200158450554373e-01,-4.911742865430653859e-01,-7.602727438104507351e-01,4.251272459603582798e-01
8.566726205770998082e-01,-4.827608465095039603e-01,1.818075527336305008e-01,2.217542154423803591e-01,6.628413545766718151e-01,7.151687958772372511e-01,-4.657650578211070536e-01,-5.723489353011759206e-01,6.748922930160865530e-01
8.712219320079981344e-01,-2.927326189896011788e-01,3.940557815433494149e-01,-4.691834819436253023e-01,-2.604995097808214810e-01,8.438049926820814228e-01,1.443579075059859551e-01,9.200258796270031070e-01,3.642981956544014688e-01
8.598557887621782747e-01,-2.259811866600398012e-01,4.577996568455378612e-01,-5.102645345051219916e-01,-3.511069652226021520e-01,7.850821637245651852e-01,1.667715078912345578e-02,9.086563719293968555e-01,4.172115415393758964e-01
8.627895631600203119e-01,-2.649203759359298749e-01,4.305941988881267779e-01,-4.946618463578588698e-01,-2.664453449537731999e-01,8.272342690618539329e-01,1.044213936891098538e-01,9.267276150878590579e-01,3.609322650769716812e-01
8.532570115414982448e-01,-1.492572643934640397e-01,4.996746354189405825e-01,-5.000978346431569355e-01,-5.058174943908049226e-01,7.028874861266447560e-01,-1.478331087425856505e-01,8.496298790614581486e-01,5.062355583772393253e-01
8.501479023392111145e-01,-1.719352200785509155e-01,4.976814485640183028e-01,-5.241796664929296856e-01,-3.658268260961192730e-01,7.690295251443868274e-01,-4.984196408249022547e-02,9.146633333664251353e-01,4.011318551441902525e-01
8.222841547899750747e-01,-1.400152571246388589e-01,5.515836260746482811e-01,-5.468090023744207606e-01,-4.628829898353596928e-01,6.976670069907056071e-01,-1.576346526104814849e-01,8.752914174681479809e-01,4.571829511289471348e-01
8.128526696939413210e-01,-1.659069008012788171e-01,5.583416853844488381e-01,-5.824190775647440921e-01,-2.441010994147868318e-01,7.753726016265499732e-01,-7.652153949363462923e-03,9.554525386072332260e-01,2.950455744608421194e-01
8.063999880384551400e-01,-1.091919823820401564e-01,5.812023488210104061e-01,-5.803993037146496503e-01,-3.345657878078397429e-01,7.424300518406223848e-01,-1.133830125685898610e-01,9.360250234967012473e-01,3.331687978320767574e-01
7.907469163997429273e-01,-1.365584907369613021e-01,5.967169285448006288e-01,-6.120874252622863221e-01,-1.895461083520482148e-01,7.677377525199462482e-01,-8.264262827543640902e-03,9.723291888122234106e-01,2.334687356878444309e-01
7.821190801033585105e-01,-1.009856546448155423e-01,6.148915693797033510e-01,-6.015977343909418851e-01,-3.795283882667314646e-01,7.028786299748649435e-01,-1.623881477016170249e-01,9.196521625351703477e-01,3.575891349445934897e-01
7.650950948521609840e-01,-1.115079524050529847e-01,6.341888302261363686e-01,-6.436607503176636769e-01,-1.602390598108082709e-01,7.483477014138886219e-01,-1.817510202626170662e-02,9.807596139020920978e-01,1.943714109763939879e-01
7.485576649083222067e-01,-1.016004482352268617e-01,6.552394762416265950e-01,-6.598719511876464106e-01,-2.110799098228278436e-01,7.211201562187783409e-01,-6.504175845415476054e-02,9.721741719401866266e-01,2.250487704245537901e-01
7.462980769465348274e-01,-1.102808606022588622e-01,6.564124558010224764e-01,-6.628890170988597230e-01,-3.403291633467030869e-02,7.479437890747303586e-01,6.014425455196397569e-02,9.933176190879644540e-01,9.850267130289451500e-02
7.153478150970044025e-01,-1.019641661091657686e-01,6.912892392230649552e-01,-6.987477842347060708e-01,-1.120093878179071606e-01,7.065447127165739305e-01,-5.388642039496751267e-03,9.884620406825548322e-01,1.513729059860116632e-01
7.081680519827928677e-01,-1.208226061464538342e-01,6.956291454466780877e-01,-6.986570349260140533e-01,2.222849867535460489e-02,7.151113489485612096e-01,1.018644084029707714e-01,9.924252071015824406e-01,6.867205115688697348e-02
-6.739490055688289738e-01,1.015340848126830425e-01,-7.317674272021389426e-01,7.378669685154198854e-01,4.333804004174468538e-02,-6.735533765479948531e-01,3.667525959896236754e-02,9.938876414900184031e-01,1.041262763511577316e-01
-6.729790302898195353e-01,9.548987847325583755e-02,-7.334718180675634525e-01,7.374797767595999698e-01,1.627336201213071820e-01,-6.554703256081276797e-01,-5.676974247594587797e-02,9.820384167594342628e-01,1.799381681240475039e-01
