6.520933183876427286e-01,7.357195396586913017e-01,1.830056367399530703e-01,7.312284359541501022e-01,-5.466061376016054796e-01,-4.080768368681350067e-01,2.001980983082509435e-01,-3.999231042346240161e-01,8.944172584052153541e-01
6.531683068364831923e-01,7.350265559486520717e-01,1.819536341891123954e-01,7.326568726327866710e-01,-5.527710714147133775e-01,-3.970617704979603757e-01,1.912722403494733214e-01,-3.926577449348140902e-01,8.995748025675239790e-01
6.534922830089309187e-01,7.346939381342743047e-01,1.821336139116703223e-01,7.333784146393923509e-01,-5.549941133390412507e-01,-3.926036615978281130e-01,1.873604467031017295e-01,-3.901363241583147845e-01,9.014930457765343297e-01
6.534750475947629367e-01,7.350239561329594551e-01,1.808594650043942598e-01,7.325185965031194568e-01,-5.538569805304602856e-01,-3.958016560030812037e-01,1.907534218516731828e-01,-3.911294274640235713e-01,9.003504334555200161e-01
6.532395734323482861e-01,7.352959711960275202e-01,1.806042481361217755e-01,7.323827513463467831e-01,-5.531197324295106243e-01,-3.970819400671127264e-01,1.920769773613658915e-01,-3.916610733019013080e-01,8.998377845076989123e-01
6.532084517022213044e-01,7.357565570288401302e-01,1.788323444286680775e-01,7.328357445371772583e-01,-5.549170519063324480e-01,-3.937243160286476029e-01,1.904481298239184273e-01,-3.882387851473009244e-01,9.016652125672365292e-01
6.517657087601859134e-01,7.369310743606096725e-01,1.792597348152943360e-01,7.329373374134601216e-01,-5.512648639971919895e-01,-3.986350575995855627e-01,1.949469679415402890e-01,-3.912028135940162632e-01,8.994198342968234838e-01
6.512048066264952695e-01,7.377016018643087758e-01,1.781253671810448802e-01,7.322471216586547982e-01,-5.491196534307279942e-01,-4.028421018696198286e-01,1.993651239539270259e-01,-3.927645004617276725e-01,8.977692323352840509e-01
6.506165925133319261e-01,7.386619320026531765e-01,1.762855630970646681e-01,7.317273859632210664e-01,-5.476764520837587025e-01,-4.057407256665000461e-01,2.031577765623873433e-01,-3.929746226450942514e-01,8.968265516693698647e-01
6.506115061470565397e-01,7.388288668183828900e-01,1.756034556178288075e-01,7.311121164480024470e-01,-5.468548949220963795e-01,-4.079519543802496151e-01,2.053770709012596729e-01,-3.938040495673030272e-01,8.959568233416227434e-01
6.493201604803371385e-01,7.398873304329421918e-01,1.759263125817263629e-01,7.315812586770118475e-01,-5.444748781465709175e-01,-4.102876661804931713e-01,2.077791884341362305e-01,-3.951124464403656389e-01,8.948262197329497347e-01
6.495346902061773786e-01,7.396581641109235550e-01,1.760979457086957467e-01,7.307362747019581217e-01,-5.432882500060929321e-01,-4.133550220331444480e-01,2.100694719693207424e-01,-3.971695830113062264e-01,8.933796165556699975e-01
6.491971477159932391e-01,7.398091006750214804e-01,1.767075492327234709e-01,7.301109803933960585e-01,-5.409692124821483539e-01,-4.174808587892853695e-01,2.132627949418599289e-01,-4.000435047652452503e-01,8.913384175433737289e-01
6.495356435493467862e-01,7.396182655414426099e-01,1.762619330326415934e-01,7.289194131890979200e-01,-5.397925186531180586e-01,-4.210706898873211590e-01,2.162867005504424123e-01,-4.019811663294580728e-01,8.897365930888828656e-01
6.487941240976701218e-01,7.402633638918412196e-01,1.762848167479897643e-01,7.284451859093544757e-01,-5.371758655576517327e-01,-4.252172392881939378e-01,2.200767949190070294e-01,-4.042922724241991839e-01,8.877578289129610667e-01
6.476291161687945941e-01,7.412181667812487440e-01,1.765563851121514094e-01,7.288705247880082894e-01,-5.351085076224066928e-01,-4.270909073784804333e-01,2.220907156674471750e-01,-4.052832519406214806e-01,8.868039240501565112e-01
6.457124609988417197e-01,7.427905772150095176e-01,1.769677261859126660e-01,7.291006660433466680e-01,-5.309103774615012705e-01,-4.319101641300355787e-01,2.268647978113121355e-01,-4.079170620411444181e-01,8.843845509786754100e-01
6.440403809624928311e-01,7.442516189405927740e-01,1.769223428343458526e-01,7.289008603110387341e-01,-5.268207106242011051e-01,-4.372224544728217088e-01,2.321971652012886633e-01,-4.105477640442316556e-01,8.817794565030233622e-01
6.437624997166547791e-01,7.446829174555162911e-01,1.761169963646451730e-01,7.269047588383281688e-01,-5.231893832755690754e-01,-4.448396798914427408e-01,2.391219679091732553e-01,-4.143913870698450741e-01,8.781232617267202833e-01
6.437266744585993239e-01,7.450557551042619187e-01,1.746650805870789136e-01,7.244464085514985552e-01,-5.197730795627601985e-01,-4.527839958508690921e-01,2.465631150989704423e-01,-4.180046262278234170e-01,8.743447619359480116e-01
6.454789535693965519e-01,7.439368345689737483e-01,1.729592630374351958e-01,7.204476085843937172e-01,-5.178537212703305803e-01,-4.612838243982765318e-01,2.535984301686142195e-01,-4.223570877089279363e-01,8.702311915106512030e-01
6.485923932482894338e-01,7.417943205486776659e-01,1.704966082424574370e-01,7.155230043843909815e-01,-5.178506612819755439e-01,-4.688896701853813020e-01,2.595279129827680054e-01,-4.261125187219292898e-01,8.666449006203534866e-01
6.518240058987861962e-01,7.392420576382185970e-01,1.692531995351092278e-01,7.108709351333116766e-01,-5.178433654423214572e-01,-4.759209623982344484e-01,2.641741450572902550e-01,-4.305338884294508395e-01,8.630484296938772948e-01
6.523752990506289651e-01,7.386496845221788288e-01,1.697147982466112315e-01,7.088351721329410049e-01,-5.153926745222807693e-01,-4.815839384739009077e-01,2.682520604503649819e-01,-4.344732841085348074e-01,8.598103264441978588e-01
6.478792167573296235e-01,7.417573654735430955e-01,1.733451218224985046e-01,7.119703910996915130e-01,-5.087498699243176992e-01,-4.840162518442348016e-01,2.708333116351476222e-01,-4.370006643218491971e-01,8.577177488492363500e-01
6.459768144508265530e-01,7.429985904595257651e-01,1.751201009796418684e-01,7.134590260549643626e-01,-5.060694126876119636e-01,-4.846338490888939532e-01,2.714593401094601011e-01,-4.380032466970689153e-01,8.570081578084089990e-01
6.405738187181118093e-01,7.460919203786332554e-01,1.816921272884945149e-01,7.180486383078013013e-01,-4.981222990296643172e-01,-4.860867496997977044e-01,2.721604963935947974e-01,-4.418382300742256241e-01,8.548143907584074830e-01
6.362927674228541219e-01,7.472282372769490921e-01,1.917849721468009860e-01,7.227009807232317451e-01,-4.904019893592004298e-01,-4.870412521483347690e-01,2.698792444539683255e-01,-4.485040136370270214e-01,8.520618188631814416e-01
6.334576946985623902e-01,7.460180419034279087e-01,2.053982234143190699e-01,7.278962181718244828e-01,-4.844719907167283623e-01,-4.852360103930107305e-01,2.624851321472105870e-01,-4.568850745707783712e-01,8.499162217748970072e-01
6.293324202617720520e-01,7.444938591754003410e-01,2.228667728881513210e-01,7.350929263258842994e-01,-4.772331013527442711e-01,-4.815464221016380608e-01,2.521489529486646841e-01,-4.668805635527781828e-01,8.476104322762505472e-01
6.230571014323538215e-01,7.430319191159976411e-01,2.443428237733026587e-01,7.451355212266448369e-01,-4.688533094298151238e-01,-4.742885506134493778e-01,2.378505904155171768e-01,-4.775773669380780073e-01,8.457818603088399501e-01
6.183430673160482671e-01,7.392830593846899667e-01,2.666691005890894361e-01,7.552711989505853651e-01,-4.651675327766787715e-01,-4.617191597564507255e-01,2.172953454124746941e-01,-4.869083328073880446e-01,8.459923216583016270e-01
6.131923447661220550e-01,7.346826837243315422e-01,2.902352538129018833e-01,7.663656470114664776e-01,-4.642088243340708464e-01,-4.440651556822224344e-01,1.915172143722903841e-01,-4.947236821155767683e-01,8.476848677150512490e-01
6.091266825971620724e-01,7.282385534689080897e-01,3.140593794009156614e-01,7.770165769480514850e-01,-4.687246077630521923e-01,-4.201695862688126226e-01,1.587763322920279496e-01,-4.999658501526728638e-01,8.513660933963758115e-01
6.050767457358839918e-01,7.165848536817625014e-01,3.469701417176405678e-01,7.882062169634593829e-01,-4.776753716894420743e-01,-3.880170084178082845e-01,1.123080197929979263e-01,-5.082640915461572595e-01,8.538468960738425650e-01
6.030014143242008462e-01,7.115399791062863022e-01,3.606939872751405707e-01,7.927860635070269613e-01,-4.841923325709692749e-01,-3.702000034961056008e-01,8.876683970969236059e-02,-5.091842919934878031e-01,8.560676404087730340e-01
5.992796972725367155e-01,7.129292824679444029e-01,3.641369009544057067e-01,7.970822939662182138e-01,-4.891608797230390104e-01,-3.540924319921763819e-01,7.432133665703360981e-02,-5.024474817812550898e-01,8.614074918232295097e-01
5.957317698155586427e-01,7.187851679798552551e-01,3.584013681957606834e-01,8.006435978849579804e-01,-4.959878136002505711e-01,-3.361040284285098378e-01,6.382387952993881508e-02,-4.871796086170003814e-01,8.709664410007620372e-01
5.943973397305445383e-01,7.262517677871173083e-01,3.453261824816338810e-01,8.021408262366143127e-01,-5.049503146616644012e-01,-3.187401364866495057e-01,5.711302308312388859e-02,-4.664585185299687242e-01,8.826973167995545433e-01
5.947783315577610530e-01,7.282406508390163458e-01,3.404471923440292036e-01,8.019767209105199690e-01,-5.083258848259780693e-01,-3.137485202092535896e-01,5.542630627216651312e-02,-4.596415443380338917e-01,8.863732708580349673e-01
