4.645232287712194319e-01,-2.872827467675996838e-01,8.376674718178001022e-01,-4.527270862260154849e-02,9.369764412849754809e-01,3.464470094125733368e-01,8.844029351974893594e-01,1.988561587847001433e-01,-4.222412537015536316e-01
4.637899573020270449e-01,-3.370869851204952306e-01,8.193114425956465885e-01,-2.508457442237325627e-02,9.194208042997225050e-01,3.924743924728082423e-01,8.855899952189117963e-01,2.025777605839951812e-01,-4.179624520036950841e-01
4.617020181386416455e-01,-4.483826319374314973e-01,7.653654433168300963e-01,2.728894138256017857e-02,8.696070383236725876e-01,4.929897692408538590e-01,8.866152266484739197e-01,2.067283586612952972e-01,-4.137352119415051432e-01
4.576914705473276723e-01,-5.037884607871917497e-01,7.326088346217892733e-01,5.472374525376676874e-02,8.383786747223921365e-01,5.423343152301223213e-01,8.874253937619912547e-01,2.081306910294509205e-01,-4.112879598991170393e-01
4.160165603907435283e-01,-7.448270082394555791e-01,5.216923895148528612e-01,1.929749475894471655e-01,6.329372042481365979e-01,7.497674073213658197e-01,8.886455373676870328e-01,2.112420963624779546e-01,-4.070453115328568350e-01
3.521628400278210003e-01,-8.839847474860375032e-01,3.074935776818537581e-01,2.912375018586637054e-01,4.157295852930434354e-01,8.615971387041619911e-01,8.894729066220425917e-01,2.138688339242560965e-01,-4.038540209793816671e-01
3.102235746465789590e-01,-9.316686392923783089e-01,1.890896091608070262e-01,-3.291111483941095428e-01,-2.918541417082196610e-01,-8.980573544994043811e-01,8.918784590605431939e-01,2.163670643301487395e-01,-3.971625709164252060e-01
2.910996796175958634e-01,-9.468874800987663320e-01,1.366201908897113626e-01,-3.398726870550261014e-01,-2.358448375647977935e-01,-9.104195566814401452e-01,8.942860465871808051e-01,2.185893698839040944e-01,-3.904755488545068043e-01
2.813391566113210285e-01,-9.538774247219018454e-01,1.047193275529542111e-01,-3.382619335914339720e-01,-2.007022446506976920e-01,-9.194006054354951774e-01,8.980128858987574958e-01,2.232408286987033197e-01,-3.791258223356744339e-01
2.553760149346617214e-01,-9.664005649461010483e-01,2.920683255589712896e-02,-3.517559263426884297e-01,-1.210066641938416926e-01,-9.282376611102762798e-01,9.005836214804755491e-01,2.267759583653779776e-01,-3.708393256230732571e-01
2.537789298194241261e-01,-9.670198553171724942e-01,2.165304140443121556e-02,-3.438153541243555988e-01,-1.111076202078894043e-01,-9.324409359311094381e-01,9.040947168566197956e-01,2.291892147420851733e-01,-3.606730469522978488e-01
2.649231199489524569e-01,-9.627595526966544748e-01,5.394241566569487473e-02,-3.267722593282602617e-01,-1.422678705043722569e-01,-9.343338501604526725e-01,9.072131122564405237e-01,2.298997536177209422e-01,-3.522931623470629270e-01
2.665043078949415056e-01,-9.621881365330237079e-01,5.629781335491730598e-02,-3.149378146513093779e-01,-1.421371212920842231e-01,-9.384088723224313089e-01,9.109278932912835414e-01,2.323596967331170993e-01,-3.409095841392524306e-01
2.748816669913413113e-01,-9.580739613518138853e-01,8.083534951804771662e-02,-2.979564141843125680e-01,-1.648177918498651695e-01,-9.402430912993516854e-01,9.141455269258212946e-01,2.343701774317245579e-01,-3.307696714212688960e-01
2.758856513561821489e-01,-9.572471962109991850e-01,8.697650672426478213e-02,-2.886816586090478753e-01,-1.688296520958658120e-01,-9.424221180319984903e-01,9.168151435041332897e-01,2.348922176645489579e-01,-3.229173868377575030e-01
2.538936802474823229e-01,-9.671204163582789448e-01,1.470031949918205495e-02,-3.015683224045031530e-01,-9.359180006018856524e-02,-9.488398821105841208e-01,9.190182512075171228e-01,2.364712989444650582e-01,-3.154152480825787030e-01
-1.673280811175731908e-01,9.566073411259539139e-01,2.385449814467783536e-01,3.509509944289392336e-01,-1.683135939313510354e-01,9.211427324835445019e-01,9.213222632601739681e-01,2.378506443166492346e-01,-3.075587069476416469e-01
-1.018946215401479310e-01,9.061839634656899678e-01,4.104243053947991271e-01,3.682421962828458795e-01,-3.489059497203145788e-01,8.617785812646722166e-01,9.241294124623326001e-01,2.389461500158117924e-01,-2.981435332430424912e-01
-8.406844007095302940e-02,8.817532859792883704e-01,4.641590676145026517e-01,3.674711489033775647e-01,-4.055433260521504879e-01,8.369585207273958494e-01,9.262275379773956541e-01,2.409268630918663112e-01,-2.899254982457472596e-01
-8.729501850070857383e-02,8.770905560503058362e-01,4.723258792743903478e-01,3.650827650472233121e-01,-4.129805477471108488e-01,8.343630156280714694e-01,9.268733216629091443e-01,2.452737728944148765e-01,-2.841595008436355596e-01
-1.003985654460417681e-01,8.843281688341031455e-01,4.559427791542477459e-01,3.608787223874704853e-01,-3.946845596980964044e-01,8.449796719826500047e-01,9.271929010644781588e-01,2.493747945211025052e-01,-2.795094561427108326e-01
-1.058319367863279348e-01,8.862134299644597313e-01,4.510270033010022606e-01,3.552162956559536400e-01,-3.899541332588201681e-01,8.495629213041403505e-01,9.287739146081338548e-01,2.501230307368553785e-01,-2.735278505719175302e-01
-1.000239071650402267e-01,8.849824298724153770e-01,4.547541278675263920e-01,3.523222018646747777e-01,-3.959308845967855484e-01,8.480022409732385080e-01,9.305182878743797348e-01,2.450404730641899953e-01,-2.721964042595183542e-01
-8.247323722619172293e-02,8.747758241964266324e-01,4.774572468220523724e-01,3.476441843699674128e-01,-4.237426412027118228e-01,8.364123953530877564e-01,9.339923373428566933e-01,2.349668730438650710e-01,-2.691633005385685173e-01
-6.647535336218006463e-02,8.699910923929029538e-01,4.885657852862567152e-01,3.387587607507480114e-01,-4.408865760645077625e-01,8.311808040737779235e-01,9.385219919692826540e-01,2.207589776274538618e-01,-2.654090133866794932e-01
-5.914055863722059853e-02,8.686568006705883693e-01,4.918716875088612883e-01,3.274468728271507367e-01,-4.485904451066810572e-01,8.315919420212709579e-01,9.430169350546135920e-01,2.102426579163391707e-01,-2.579090634166933405e-01
-5.503872638506573239e-02,8.725666300966405942e-01,4.853846048647428302e-01,3.168458572394026174e-01,-4.457341237497735031e-01,8.372155001403460695e-01,9.468787891531513790e-01,1.998713760567386033e-01,-2.519364834339159476e-01
-5.985208939809721906e-02,8.983893850982667129e-01,4.351025627796738515e-01,3.006640546320697438e-01,-3.994164404209130659e-01,8.660644510506654292e-01,9.518502264783497147e-01,1.826554676549397849e-01,-2.462074866629146430e-01
-6.401273268804552607e-02,9.079910956232248864e-01,4.140706948369374807e-01,2.954304965229661573e-01,-3.790813744069068680e-01,8.769367897984232663e-01,9.532172846617934514e-01,1.784642312809653075e-01,-2.439822255314752497e-01
-1.116087278057979332e-01,9.764868185747925811e-01,1.844369405169466181e-01,2.357288247170002682e-01,-1.542844133932693151e-01,9.594937420230719161e-01,9.653887367662384866e-01,1.505649791072786736e-01,-2.129666029951918782e-01
1.524296571055419880e-01,-9.762090062579272809e-01,1.542114643455421430e-01,1.343644556048261274e-01,1.750555606509028306e-01,9.753469863362558279e-01,9.791380866377862313e-01,1.279512672313473653e-01,-1.578514507668102029e-01
1.262487271679312573e-01,-9.146247257188687696e-01,3.840870604331291238e-01,9.372967659021765041e-02,3.964511789716919088e-01,9.132585671200953437e-01,9.875606343991087943e-01,7.929737571723607936e-02,-1.357789364724478198e-01
8.413489082858192913e-02,-8.468850602611802669e-01,5.250781035728678825e-01,1.418857787720595176e-01,5.317589603518313446e-01,8.349256457121111419e-01,9.863010422419254963e-01,-4.254737589620777305e-03,-1.649004283819016647e-01
5.901671816131771192e-02,-8.058260709389726273e-01,5.892040142196293129e-01,-2.220916484847754724e-01,-5.860389905089099516e-01,-7.792519498061017957e-01,9.732380626808541102e-01,-8.486839811352053786e-02,-2.135533384212535135e-01
6.118065746150070511e-02,-7.578988753184909832e-01,6.494968991023319926e-01,-2.845295807248617859e-01,-6.369596218309447888e-01,-7.164672761888810637e-01,9.567130420586482664e-01,-1.409671413767979997e-01,-2.546142576662606127e-01
4.318243858552190534e-02,-7.418465924330804873e-01,6.691777867601665930e-01,-3.081174493581662621e-01,-6.470420246621403360e-01,-6.974240142998633374e-01,9.503677784935814499e-01,-1.760688831581134206e-01,-2.565167323677524647e-01
1.872611739648147571e-03,-7.460714985512258979e-01,6.658632084556110886e-01,-4.272065726982785527e-01,-6.026405892583456270e-01,-6.740317977823782059e-01,9.041521097518178118e-01,-2.831989393127776755e-01,-3.198551597261715673e-01
-3.135807977614841341e-02,-7.632577106585638482e-01,6.453327342952629442e-01,-5.271659709819487283e-01,-5.359155803220394532e-01,-6.594623035524853627e-01,8.491835548757473706e-01,-3.608769290053598366e-01,-3.855582086277617448e-01
-3.650870297563159339e-02,-7.755662332387238678e-01,6.302095940771881288e-01,-6.604790696130440342e-01,-4.545341128348502346e-01,-5.976337832423157526e-01,7.499563408693366018e-01,-4.380590806379121571e-01,-4.956508132350257445e-01
-2.914343041940171616e-02,-7.842282991798975589e-01,6.197875726640498240e-01,-8.026876485281758677e-01,-3.511522411901679686e-01,-4.820629029571038560e-01,5.956871656865685427e-01,-5.115447959587970939e-01,-6.192565884702201373e-01
-2.182051103917647533e-02,-7.905371911815978203e-01,6.120251748553320326e-01,-8.826001857805201301e-01,-2.723227253722920183e-01,-3.832195784481772227e-01,4.696176927652752076e-01,-5.485355800716285035e-01,-6.917860507680837490e-01
