1.236352544675363707e-01,-8.549017198395258976e-02,9.886383334399397871e-01,-3.523596049971072092e-02,9.952755901503133051e-01,9.047058493570295234e-02,9.917019466253006454e-01,4.602097505594209687e-02,-1.200388225304214185e-01
1.189906080442883901e-01,-5.051273972695329885e-04,9.928952512946987996e-01,-4.904389253305847102e-02,9.987762112728586494e-01,6.385640190297052141e-03,9.916833828407413121e-01,4.945527921007674549e-02,-1.188202152657408806e-01
1.153574638653930146e-01,-1.334061209077185787e-03,9.933231477274830912e-01,-5.085776187133011356e-02,9.986796090922884783e-01,7.247512725947323313e-03,9.920212415003943907e-01,5.135424679580186114e-02,-1.151372995516754816e-01
1.100460364677537106e-01,8.914902559986277730e-02,9.899203609848286067e-01,-6.133800601883313691e-02,9.946801528627726707e-01,-8.275894222695606706e-02,9.920320150455687047e-01,5.161244748591254511e-02,-1.149288318445050305e-01
1.069080462366426149e-01,1.179363269847737983e-01,9.872495593451561247e-01,-6.474536314951175042e-02,9.916584746260117544e-01,-1.114518176300859642e-01,9.921586101024885140e-01,5.200473516664246704e-02,-1.136521003754248776e-01
9.898661105988770803e-02,1.901034822651231915e-01,9.767611360315030522e-01,7.339394435922115545e-02,-9.803031559296641051e-01,1.833549874034972327e-01,9.923784458372089112e-01,5.353866364614521395e-02,-1.109893316166507826e-01
8.621021504014113324e-02,3.350033495812562712e-01,9.382646506141383291e-01,8.529730883005215425e-02,-9.407947952268369551e-01,3.280693865334676218e-01,9.926188432268870931e-01,5.174851730661778754e-02,-1.096810057734854960e-01
7.788253288034975574e-02,4.048599202379102868e-01,9.110558468376644958e-01,8.898551717577904419e-02,-9.130071318966681559e-01,3.981200256691177497e-01,9.929833275564600159e-01,5.006417971736618067e-02,-1.071339773560511938e-01
6.470384883681447319e-02,5.173461483140036066e-01,8.533266518575216564e-01,9.595440697365052729e-02,-8.543816780784683207e-01,5.107099959332648265e-01,9.932805060646453521e-01,4.883555045748307760e-02,-1.049234258089055821e-01
5.773366128514339363e-02,5.906386913270287309e-01,8.048681635287280312e-01,1.005739767255576789e-01,-8.055523834213739187e-01,5.839265645350886214e-01,9.932530893786433168e-01,4.723657345361444160e-02,-1.059103704466279744e-01
5.624725856859944667e-02,6.321640869577458410e-01,7.727902775426181980e-01,1.020826976138054648e-01,-7.736005805972763216e-01,6.253968856233985685e-01,9.931844585732330088e-01,4.371165588761580234e-02,-1.080459272168886181e-01
5.341766365471067868e-02,6.560496729325647758e-01,7.528249330719239962e-01,1.007425852842063208e-01,-7.535954425705055915e-01,6.495728138147545128e-01,9.934774706655036258e-01,4.114286793647464746e-02,-1.063474480090386975e-01
5.245307016347109524e-02,6.903945768055748111e-01,7.215289347960185395e-01,1.013097023822522452e-01,-7.224747373331362743e-01,6.839346446252261291e-01,9.934711971837156819e-01,3.722340974261243579e-02,-1.078396871911641297e-01
5.455912420227443382e-02,7.020116662767735827e-01,7.100724768483772653e-01,1.011372200187901499e-01,-7.113596615038204618e-01,6.955132599110108726e-01,9.933753392817600281e-01,3.386816198848796589e-02,-1.098106684724663301e-01
5.901890290985405824e-02,6.932898155605855539e-01,7.182381225883840425e-01,9.916178330735901658e-02,-7.200053297653800088e-01,6.868473380895868674e-01,9.933195406467255628e-01,3.068479671459267005e-02,-1.112417791118180815e-01
6.089869475917708552e-02,7.028114409605927815e-01,7.087647193755657327e-01,9.938295990685760972e-02,-7.108235669223204045e-01,6.963137827071799180e-01,9.931839589203906860e-01,2.803453517940448017e-02,-1.131357086886992241e-01
5.709194158199324548e-02,7.451699063856506156e-01,6.644263095510284378e-01,1.046695790156304956e-01,-6.663117413014539858e-01,7.382905543432853879e-01,9.928669545488406634e-01,2.739478090851085040e-02,-1.160376514062816250e-01
5.409804925244218049e-02,7.709519183117135022e-01,6.345916330354265389e-01,1.079917748166340508e-01,-6.363118957450525359e-01,7.638356812203074275e-01,9.926787887524513021e-01,2.720865643185290533e-02,-1.176796982327013019e-01
5.080161215655646517e-02,7.960412323473553542e-01,6.031065847801684310e-01,1.129787296233106392e-01,-6.045905708127550238e-01,7.884833849467025590e-01,9.922978397915604987e-01,2.808198866196573787e-02,-1.206499028503195542e-01
4.684262635731487739e-02,8.078474084819479151e-01,5.875273040165450711e-01,1.166236997973310457e-01,-5.885734492264265150e-01,7.999876295989138963e-01,9.920709052288201324e-01,3.104608630258485699e-02,-1.217844798148000895e-01
3.805494834812715721e-02,8.187515606190839401e-01,5.728854186397452919e-01,1.238368931275894563e-01,-5.727453827939517073e-01,8.103253361389586296e-01,9.915726119688497153e-01,4.010746155049766531e-02,-1.231874454692847010e-01
2.843545891398028755e-02,8.286698536522132397e-01,5.590149356898886923e-01,1.318242388432924184e-01,-5.574654394272210434e-01,8.196674044376784929e-01,9.908651748496046796e-01,5.038409959733513438e-02,-1.250905583088822437e-01
1.767766962655363192e-02,8.428932429770044088e-01,5.377903689545608934e-01,1.417087945138724991e-01,-5.345568693941039617e-01,8.331671926696341268e-01,9.897505329900052606e-01,6.148117051002455202e-02,-1.288951050999137260e-01
4.060909661117337657e-03,8.594324494326931463e-01,5.112331893322706877e-01,1.559017264802020630e-01,-5.055302999575079781e-01,8.486069570215434288e-01,9.877642232300258840e-01,7.625602066062084350e-02,-1.360399155387508052e-01
-1.889106109266958100e-02,8.859836938573625309e-01,4.633314386372418547e-01,1.749744494951620266e-01,-4.533328389106351386e-01,8.739984434706328242e-01,9.843917258056662511e-01,9.758192139985472080e-02,-1.464605707392080403e-01
-4.319358098126965112e-02,9.128401618504837778e-01,4.060260502416032646e-01,1.978541775038340500e-01,-3.905403909630855708e-01,8.990728154441560704e-01,9.792793467679667962e-01,1.191681246776280928e-01,-1.637404014118735152e-01
-6.507114953292281179e-02,9.404777698258439678e-01,3.335675493237779676e-01,2.141336952800318716e-01,-3.133286240926527744e-01,9.251875128156038519e-01,9.746345499951162283e-01,1.316310669546220113e-01,-1.809993264302532379e-01
-8.464372425773186714e-02,9.620482922253061897e-01,2.594195894109641021e-01,2.285073327060505588e-01,-2.346732049858155367e-01,9.448348457594331062e-01,9.698555762809982772e-01,1.392536185815562710e-01,-1.999714751373181665e-01
-8.893881414412799225e-02,9.652782750397760347e-01,2.456170577848185155e-01,2.314228257885035389e-01,-2.198197111401182791e-01,9.476933946685177634e-01,9.687793159655606612e-01,1.411281202684617764e-01,-2.038369216476503820e-01
-1.155271678395068113e-01,9.802369627499804006e-01,1.605894465700542506e-01,2.358406702146720324e-01,-1.299800517204657002e-01,9.630598965938929057e-01,9.649003325544440735e-01,1.491331050217854781e-01,-2.161635150132517613e-01
1.385191993911420727e-01,-9.880902977547894039e-01,-6.700742408785166637e-02,-2.354181292571983219e-01,3.286839527462228489e-02,-9.713382382101060086e-01,9.619723155148894866e-01,1.503237575199720955e-01,-2.280614656359082337e-01
1.558257567132902144e-01,-9.876772853879672853e-01,1.455724813921983885e-02,2.523573719769071633e-01,5.405396433963087499e-02,9.661231421242736372e-01,9.550047593355959208e-01,1.468732408161071423e-01,-2.576706439983691421e-01
-1.588899558809377943e-01,9.841384112346562851e-01,-7.890227786749956507e-02,2.772720872765279121e-01,1.211811141560090732e-01,9.531187371934443098e-01,-9.475622256809690391e-01,-1.295635948267672144e-01,2.921285733338901958e-01
-1.564317127925833051e-01,9.788525677307917672e-01,-1.318209766297243624e-01,4.120144428407094828e-01,1.859688808213623701e-01,8.919975752527077306e-01,8.976487164383620820e-01,8.522456226279820357e-02,-4.323928258698054861e-01
1.706070183529415918e-01,-9.621476641052463252e-01,2.125208642593421349e-01,-9.290685230992741239e-01,-2.289214465113319774e-01,-2.905626450755380286e-01,-3.282147538957576605e-01,1.478744189641267026e-01,9.329567147200181765e-01
1.979735323209365072e-01,-9.279066823108197415e-01,3.159045258037607162e-01,-9.784154306851285954e-01,-2.065462432825830308e-01,6.472587047424968598e-03,-5.924293626758846826e-02,3.103672635907013255e-01,9.487689055790218262e-01
2.680033242445427066e-01,-8.775917537935453705e-01,3.975008576939728089e-01,9.633885553624759179e-01,2.408956978271007132e-01,-1.176934754563561253e-01,7.530577034740542144e-03,4.144900197133384312e-01,9.100226996990570250e-01
3.883811607878017158e-01,-8.148792052288205134e-01,4.302696303839786962e-01,-9.208957470422165503e-01,-3.263298650858409422e-01,2.132131380394157449e-01,3.333312203616344005e-02,4.790414387489905779e-01,8.771591662501279085e-01
4.598173117655458553e-01,-7.674447477635187864e-01,4.467623517384788356e-01,-8.867032695569125877e-01,-3.694798552505091926e-01,2.779243571930035683e-01,4.822189915161241569e-02,5.239400688000986905e-01,8.503890008390041499e-01
5.187254431941208388e-01,-7.223290163466731251e-01,4.573452817365782908e-01,-8.527472925181729391e-01,-3.988441770144189880e-01,3.372615862570418344e-01,6.120432734691442361e-02,5.649461165503645299e-01,8.228547354841395656e-01
6.469895270838126322e-01,-6.244696986886471013e-01,4.375410235207382037e-01,-7.580568193202021909e-01,-4.649340447284019406e-01,4.573687710531042505e-01,8.218522084902719904e-02,6.275937614987889823e-01,7.741909712737534699e-01
