7.923150428152956337e-01,-5.722098422010480911e-01,2.116902676479195666e-01,-6.097469641669495122e-01,-7.306451950564903930e-01,3.071908830516482669e-01,2.110716981940939652e-02,3.724694556995430395e-01,9.278043931525116195e-01
7.921326302303146605e-01,-5.722556793741192527e-01,2.122482827927443527e-01,-6.100584919941582918e-01,-7.316123507023896133e-01,3.042564783953449759e-01,1.882903264155985287e-02,3.704953518248088606e-01,9.286434524649354039e-01
7.926330901184335254e-01,-5.707171559673354100e-01,2.145104014584361951e-01,-6.096105938447609063e-01,-7.358588902841857182e-01,2.947653600102371207e-01,1.037826197111023190e-02,3.644085913837422086e-01,9.311813304637157618e-01
7.936069750590851735e-01,-5.692425658079216522e-01,2.148275364332569992e-01,-6.083600910926277860e-01,-7.370249467054549308e-01,2.944354385932354545e-01,9.271930939008627207e-03,3.643585174059136844e-01,9.312125976867080546e-01
7.939358382339714026e-01,-5.684356554446419185e-01,2.157470518615298705e-01,-6.078644909536508045e-01,-7.345687703996847118e-01,3.015119934449619343e-01,1.290912101502642538e-02,3.705261491078811753e-01,9.287323228045334389e-01
7.947891180628680052e-01,-5.676598085049602282e-01,2.146452878983384771e-01,-6.063809570591740528e-01,-7.283779318698346827e-01,3.190105378839743211e-01,2.474656996128419759e-02,3.837029191616015411e-01,9.231249520525467434e-01
7.944408227556661872e-01,-5.673801803294533652e-01,2.166645104963365320e-01,-6.066844694170957508e-01,-7.247756881410180041e-01,3.265488576734129622e-01,2.824418006239895820e-02,3.908707367519737574e-01,9.200121376610048696e-01
7.947802224805102789e-01,-5.671786111465044744e-01,2.159463382689154887e-01,-6.059257861369982123e-01,-7.214506213863144390e-01,3.352058212435491402e-01,3.432695221093140514e-02,3.972624119637089835e-01,9.170628312131536841e-01
7.955049740808839420e-01,-5.663916318996794486e-01,2.153424146019316809e-01,-6.044867555855863994e-01,-7.171258087045523366e-01,3.468808683272314175e-01,4.204281786683721628e-02,4.061170937104965351e-01,9.128533878241106292e-01
7.975626918890740269e-01,-5.638179086808503548e-01,2.144833754802604464e-01,-6.013306397850858298e-01,-7.148539482428870606e-01,3.569107652302114797e-01,4.790839344325398264e-02,4.136341360820064983e-01,9.091818230174746329e-01
7.995645283387680102e-01,-5.612892253186758662e-01,2.136608774754148454e-01,-5.981177499089467275e-01,-7.120092768759620494e-01,3.678286923099237105e-01,5.432975488866502445e-02,4.218971381554161848e-01,9.050144101338981617e-01
8.019756104737949531e-01,-5.583424742707673305e-01,2.123412386475637403e-01,-5.947977556729399096e-01,-7.135183672570271085e-01,3.702798528590242610e-01,5.523359531677889123e-02,4.232555032271460571e-01,9.043251787583479473e-01
8.038212621407586633e-01,-5.562445802815380036e-01,2.108633335548232568e-01,-5.919201338921041833e-01,-7.126367927204977359e-01,3.765359966247524559e-01,5.917713767656429535e-02,4.274818926790434626e-01,9.020849726095385712e-01
8.052896523515946647e-01,-5.546397527799559191e-01,2.094834610455841850e-01,-5.896004939740338013e-01,-7.120569593929092500e-01,3.812428938166587122e-01,6.228830806036499829e-02,4.305225095349998754e-01,9.004279735007477692e-01
8.064465225528603121e-01,-5.540955953799230338e-01,2.064511502582804248e-01,-5.873868343999543162e-01,-7.105490551542050781e-01,3.874232143187431587e-01,6.797582685042742601e-02,4.337027915520426657e-01,8.984882723575002839e-01
8.064549385108596979e-01,-5.546384216228710251e-01,2.049552473374041950e-01,-5.861551989524012019e-01,-7.042773466820964057e-01,4.005190403607519767e-01,7.779791059223452321e-02,4.431361418459531798e-01,8.930721386861006916e-01
8.059842493941652419e-01,-5.559874669501225775e-01,2.031436100961843405e-01,-5.855540741906556379e-01,-6.986099816180212363e-01,4.111818573118131703e-01,8.669380558752790011e-02,4.503576691675792443e-01,8.886293681252589449e-01
8.047132823429512527e-01,-5.583421286829829411e-01,2.017191130225131634e-01,-5.855808854705624178e-01,-6.906515366734501393e-01,4.243765797756927638e-01,9.762970752975992650e-02,4.596243272808324676e-01,8.827309431413946639e-01
8.030655960826171835e-01,-5.611755352767654470e-01,2.004187291530082626e-01,-5.867664515749917431e-01,-6.860693663661233677e-01,4.301324863807423071e-01,1.038786777667309591e-01,4.630235881041288026e-01,8.802376821998785239e-01
8.008781967362998966e-01,-5.643527749940115967e-01,2.002499921322610232e-01,-5.890767778332923754e-01,-6.823820414646696308e-01,4.328317216933796896e-01,1.076227848085982847e-01,4.646081088864766895e-01,8.789520131082092513e-01
7.992298414217561264e-01,-5.666920431597618490e-01,2.002293405082499478e-01,-5.911325330633434572e-01,-6.809734047160621584e-01,4.322470941759232188e-01,1.086001332184693829e-01,4.638268537814826398e-01,8.792443692035235570e-01
7.980974946433097017e-01,-5.689141114621132367e-01,1.984366972698000664e-01,-5.923558497620514673e-01,-6.805882021934981374e-01,4.311777432656979103e-01,1.102494276481750385e-01,4.616670150815370688e-01,8.801753409911879933e-01
7.971775703017743853e-01,-5.712095792741522793e-01,1.955186383780472270e-01,-5.935236526175323712e-01,-6.821120630190761203e-01,4.271449487789862332e-01,1.106236646983936173e-01,4.565553088392530490e-01,8.827908329719967861e-01
7.957960355341089365e-01,-5.737749294217014961e-01,1.936259285202193703e-01,-5.955338292608269857e-01,-6.835732857695289155e-01,4.219798824448702246e-01,1.097639650984408854e-01,4.511207081806064556e-01,8.856872916647818839e-01
7.934025851267847429e-01,-5.770423148492586085e-01,1.937382378043725761e-01,-5.989391335576095265e-01,-6.833216815070709549e-01,4.175444813137989541e-01,1.085552956211470188e-01,4.473182831673196969e-01,8.877624126627841061e-01
7.917836913763226514e-01,-5.780077347567005308e-01,1.974478276201374338e-01,-6.015097992815739980e-01,-6.817040640708587063e-01,4.164919331721975149e-01,1.061345723066910163e-01,4.485383234359151539e-01,8.874394767929665306e-01
7.902208041463489874e-01,-5.776814758681573236e-01,2.045365325145739044e-01,-6.039659949823571461e-01,-6.776053687263160485e-01,4.196141575045406191e-01,1.038082732698563937e-01,4.551209473448365461e-01,8.843578267243805691e-01
7.886293157963218947e-01,-5.763903763536442071e-01,2.140979596201936785e-01,-6.064039266813824325e-01,-6.715196398148595147e-01,4.258352393218800547e-01,1.016763491281337667e-01,4.656559968365346358e-01,8.791054616131942501e-01
7.877014218424361891e-01,-5.733017816434865521e-01,2.255028540657718905e-01,-6.073292590941584690e-01,-6.612513467257004063e-01,4.403383102815242589e-01,1.033326718687993667e-01,4.838095943838358060e-01,8.690515722939596843e-01
7.858777450516368779e-01,-5.707722613317695037e-01,2.379394787057691751e-01,-6.083347748744418748e-01,-6.445080652426011802e-01,4.631826373210698455e-01,1.110178882478714685e-01,5.087517857771687302e-01,8.537251600822862718e-01
7.853190668674492336e-01,-5.693095308432584156e-01,2.432295650316138591e-01,-6.066783507740114434e-01,-6.294116941297026591e-01,4.855741941196051181e-01,1.233504840548468873e-01,5.288927843937812900e-01,8.396767715613124849e-01
7.869954405837585876e-01,-5.690392500375754947e-01,2.383956971445782003e-01,-6.029073878109471041e-01,-6.273393142633885144e-01,4.928976227397753873e-01,1.309231004191233061e-01,5.316387088015840368e-01,8.367911478262832770e-01
7.897994715733256399e-01,-5.678962656643572471e-01,2.317555309954290876e-01,-5.986579221825444330e-01,-6.314720087737919485e-01,4.927999536762059929e-01,1.335121227101652708e-01,5.279554276448628070e-01,8.387118572607377143e-01
7.931475830906064006e-01,-5.655740713520681640e-01,2.259267165515740639e-01,-5.936702150471097061e-01,-6.351940250255768694e-01,4.940488096713984700e-01,1.359138962852889931e-01,5.259795817197211454e-01,8.395670863072822732e-01
7.967828196228596838e-01,-5.623368866039369918e-01,2.211659203368279425e-01,-5.889195971753496961e-01,-6.407014565756717905e-01,4.926209004951332404e-01,1.353175761557564305e-01,5.227608148153448653e-01,8.416711258424681708e-01
8.009838926182113461e-01,-5.581155375146971132e-01,2.166376018858640062e-01,-5.830240788770557625e-01,-6.449440334142761966e-01,4.940952511539505321e-01,1.360431079317809544e-01,5.220672758831040872e-01,8.419845795715360515e-01
8.069254060626039893e-01,-5.519444780890292446e-01,2.103061629095316076e-01,-5.744077484414057411e-01,-6.503701217294665105e-01,4.970658339617332611e-01,1.375758975299679054e-01,5.218965394296342097e-01,8.418413594913212172e-01
8.157544981379876159e-01,-5.419799895372205967e-01,2.019957665617645171e-01,-5.620500802548035191e-01,-6.603415825518478277e-01,4.980448791409167741e-01,1.365441542256910779e-01,5.198140872409634516e-01,8.432965128901190877e-01
8.252781750078296286e-01,-5.307153565357299874e-01,1.930210977921818505e-01,-5.489175672303919784e-01,-6.735571262985488028e-01,4.949851533109946300e-01,1.326854861754443449e-01,5.144531154046926291e-01,8.471909783565875207e-01
8.349271713903513303e-01,-5.187500446227365503e-01,1.838341907209208592e-01,-5.347910472328288867e-01,-6.858210661050110346e-01,4.936071323291432167e-01,1.299813612550701769e-01,5.104388861465153360e-01,8.500335224188417804e-01
