9.839718096854865870e-01,1.012653767035776170e-01,-1.467814743942560951e-01,1.647095440570994496e-01,-8.315532725895237176e-01,5.304619882160795941e-01,6.833918232442909302e-02,5.461359522378432807e-01,8.349043525054187231e-01
9.950328510663484227e-01,2.767021783168207433e-02,-9.562418284054585715e-02,7.509653044266967337e-02,-8.392144388671028965e-01,5.385904164691819318e-01,6.534628079889538699e-02,5.430962020140824853e-01,8.371238731177313985e-01
9.980289960525133841e-01,-3.058337237886132182e-02,-5.479763108335899968e-02,4.115790808853671788e-03,-8.394266710541887777e-01,5.434573802874523851e-01,6.261935247533098603e-02,5.426117592319749106e-01,8.376462830089743683e-01
9.954675740366657477e-01,-9.467998443856052992e-02,-8.944807894493688252e-03,-7.472807128656822062e-02,-8.369169799028440826e-01,5.422044670713180858e-01,5.882197211370109036e-02,5.390785372253440455e-01,8.401989682805129922e-01
9.801176323756981557e-01,-1.906397201540845909e-01,5.500839759371491111e-02,-1.899380699336684353e-01,-8.212765641737745925e-01,5.379854410007701704e-01,5.738428614288751395e-02,5.377372055553647501e-01,8.411573821024094233e-01
9.681446465895185982e-01,-2.352676288792095449e-01,8.570347765179173183e-02,-2.441917129234855988e-01,-8.114480865735882453e-01,5.309636617844541995e-01,5.537463877580237753e-02,5.349777057014777348e-01,8.430495262929886824e-01
9.540964258790687325e-01,-2.769206184893138745e-01,1.140832204151120410e-01,-2.946738885232275118e-01,-7.998509785542063932e-01,5.228821201078488468e-01,5.354726461162649664e-02,5.324973081259419816e-01,8.447362353369473054e-01
9.353838788109272162e-01,-3.234588798509500096e-01,1.429382814580941463e-01,-3.494489052026629183e-01,-7.834429851068608341e-01,5.139090889831700038e-01,5.424446435614450196e-02,5.306519029763485662e-01,8.458522896784608225e-01
9.295341121412117324e-01,-3.370457718532102742e-01,1.495542779118103627e-01,-3.644940915268137793e-01,-7.785280094030354592e-01,5.109189718702856764e-01,5.577088494807901781e-02,5.294282635549606431e-01,8.465195344121053678e-01
9.186989771019670181e-01,-3.604700093227951041e-01,1.614111577637167838e-01,-3.907100405794102227e-01,-7.696762442740292531e-01,5.049199374065750368e-01,5.777416085271293994e-02,5.269343900136411740e-01,8.479400302844042336e-01
9.021129004193856327e-01,-3.926817895677846004e-01,1.788667857338679668e-01,-4.272970086104204146e-01,-7.552450636535236184e-01,4.970132395214146293e-01,6.007979135707475910e-02,5.247912975353409282e-01,8.491080689180048324e-01
-8.793285101286624217e-01,4.317170902606805583e-01,-2.010018041007547440e-01,4.720343555886721831e-01,7.343530433083517162e-01,-4.877593411998881190e-01,6.296775697842375841e-02,5.237804518694957334e-01,8.495228659785990510e-01
8.590289467965762649e-01,-4.633792208665912238e-01,2.175981760829711065e-01,5.077043801620533259e-01,7.166686069016729999e-01,-4.781447168440538520e-01,-6.561654463494669132e-02,-5.212156996394929909e-01,-8.508987386989617097e-01
8.331531519400978691e-01,-4.996022200721138562e-01,2.371780915499890896e-01,-5.486169804899275748e-01,-6.924789098216596051e-01,4.685001261155856689e-01,6.982287684129370731e-02,5.204522851820524432e-01,8.510312477919859120e-01
8.092068663712678189e-01,-5.299619247028257707e-01,2.536229598890239467e-01,-5.829906567444146370e-01,-6.707725999046446619e-01,4.584604817930107989e-01,7.284326713093675076e-02,5.188491857779485850e-01,8.517566441485800999e-01
7.827324217338983425e-01,-5.612816003245213459e-01,2.688734295235047922e-01,-6.173697035168534963e-01,-6.456672273822267050e-01,4.494090349159219899e-01,7.864226056071546567e-02,5.177613317173190843e-01,8.519029277049169346e-01
7.576944288032737562e-01,-5.884174610366110780e-01,2.822481959334880441e-01,-6.471302755793448824e-01,-6.215044885237418493e-01,4.415366090976405866e-01,8.438932982955697770e-02,5.172011816421820951e-01,8.516932421469883829e-01
7.349850775089663557e-01,-6.118419986815044620e-01,2.923119985367700902e-01,-6.720660259217119403e-01,-5.999979472375883693e-01,4.339697225757540022e-01,9.013430335302827223e-02,5.154142333697255829e-01,8.521877583015153856e-01
7.108771401633517950e-01,-6.345541475803933018e-01,3.033063226866448692e-01,-6.968822103748881780e-01,-5.773094936241887076e-01,4.255219541156404217e-01,9.491510130735170137e-02,5.138626103929951894e-01,8.526056187850932222e-01
6.767442846212259333e-01,-6.633025474289342416e-01,3.194478107716375304e-01,-7.293504598399815908e-01,-5.449030326097065169e-01,4.136769171514808052e-01,1.003248721091284795e-01,5.129428970431622048e-01,8.525400309717163783e-01
6.477380638629669507e-01,-6.861598831947300914e-01,3.310891350033240421e-01,-7.543920377991983894e-01,-5.169430316006121684e-01,4.045522900500517771e-01,1.064333309082613754e-01,5.118149243366818535e-01,8.524772309557655525e-01
6.138054697811308191e-01,-7.112135130145853523e-01,3.426633685882081171e-01,-7.811086406585514563e-01,-4.841654542966032926e-01,3.942754168779923352e-01,1.145082388097727472e-01,5.096657255213620230e-01,8.527184244951364622e-01
5.791882320020493857e-01,-7.345221340759824358e-01,3.535791657646202291e-01,-8.059705492090876167e-01,-4.509060196450035973e-01,3.835299665678048586e-01,1.222802752611483884e-01,5.071104376764140609e-01,8.531626681247215238e-01
5.535359539569415510e-01,-7.511550603536080173e-01,3.596721048151305666e-01,8.223927457357362858e-01,4.248569462830364962e-01,-3.783738190682458535e-01,-1.314082167834847437e-01,-5.052352427337393204e-01,-8.529180676135100780e-01
5.414565597689957599e-01,-7.597305617863088223e-01,3.600475904251867476e-01,8.285777615023662834e-01,4.096720849770406625e-01,-3.816119441714211358e-01,-1.424208096692734793e-01,-5.049537169666379333e-01,-8.513154859948953712e-01
5.441750361438676409e-01,-7.597578926047600101e-01,3.558672149307862131e-01,8.247413049376860483e-01,4.066434811756487466e-01,-3.929921871323050486e-01,1.538678327900379061e-01,5.073549288635365029e-01,8.478889468499827275e-01
5.573804929610944869e-01,-7.540522895871812903e-01,3.474652941442891718e-01,8.133747961454215192e-01,4.119616714703751570e-01,-4.107420385530661244e-01,1.665785912470187924e-01,5.115591127207729238e-01,8.429465268511956433e-01
5.696222643058559409e-01,-7.484258419628248005e-01,3.396899101965001888e-01,8.017812312622024651e-01,4.150961201203354212e-01,-4.299326322305750403e-01,1.807687284978692632e-01,5.172561939148537791e-01,8.365217849249254600e-01
5.780895572739436217e-01,-7.440537305662141554e-01,3.349574746162797267e-01,7.924423610322791633e-01,4.140638153831203150e-01,-4.478685758478270773e-01,1.945445147322415191e-01,5.243426387591162419e-01,8.289856627027536451e-01
5.791531592646869120e-01,-7.432948098308778118e-01,3.348050832831117041e-01,7.882926058959461857e-01,4.059343469048934949e-01,-4.623981763509413812e-01,2.077892817339492826e-01,5.317237362403313128e-01,8.210319620545307728e-01
5.674517204090721023e-01,-7.483738823110854810e-01,3.434167690713686993e-01,7.929520915512165979e-01,3.842877695814679306e-01,-4.728106287454326706e-01,2.218682616088543669e-01,5.406102500181935167e-01,8.114893912220484395e-01
5.459636452659449857e-01,-7.557255418620435483e-01,3.616664256262144828e-01,8.048447541170252739e-01,3.531988173211015325e-01,-4.769439350838631797e-01,2.326985599831386808e-01,5.514793747913837585e-01,8.010754517281614140e-01
5.389826541982473129e-01,-7.575159794855700346e-01,3.683303399089324914e-01,8.089770711277627369e-01,3.437252189662705071e-01,-4.768742729862203156e-01,2.346354552555071360e-01,5.549977609599940909e-01,7.980749892500290654e-01
5.195561824541832241e-01,-7.608455280645806118e-01,3.888128800564158993e-01,8.206220981990497432e-01,3.175880230156273298e-01,-4.750970633296043855e-01,2.379931621308150613e-01,5.659080579574344849e-01,7.893714744768906000e-01
5.000343710245603868e-01,-7.610580320164054280e-01,4.132266928665044303e-01,8.305645698580547132e-01,2.863440250592554359e-01,-4.776710108530445864e-01,2.452103649737853996e-01,5.820633738831025861e-01,7.752896914658691241e-01
4.893343087639376310e-01,-7.615568670214136748e-01,4.249506707360848901e-01,8.356578297964614155e-01,2.700757631042245421e-01,-4.782625572669673697e-01,2.494552580451808166e-01,5.891436331457717834e-01,7.685582956142055222e-01
5.002048299200955173e-01,-7.549496298744262646e-01,4.240827566372808999e-01,8.280749191700084166e-01,2.738709980968537239e-01,-4.891693005933808736e-01,2.531542145929873699e-01,5.958571412292548164e-01,7.621464497587767672e-01
5.542411195549011849e-01,-7.327445954723511568e-01,3.948444493729025839e-01,7.929482314286753208e-01,3.205787826881418834e-01,-5.181335217531537474e-01,2.530807848665442283e-01,6.002621109950639910e-01,7.587064744913438741e-01
-6.280538177399394018e-01,6.962053164942774153e-01,-3.476299171639140040e-01,-7.370141837166425125e-01,-3.888271494366610792e-01,5.528322899953033165e-01,2.497168296746890281e-01,6.034166099355096069e-01,7.573175686798496731e-01
-6.951766069147087279e-01,6.536330644014513025e-01,-2.991543118855575778e-01,-6.754022700707141835e-01,-4.514486795508426131e-01,5.831173666725485427e-01,2.460919722012066546e-01,6.074190537454101646e-01,7.553018167362973712e-01
