-1.874220884999309739e-03,8.072906849038873345e-01,5.901510292827477633e-01,1.087924617462707466e-01,-5.864845889571120852e-01,8.026207243667417002e-01,9.940627181235902610e-01,6.570827180210707386e-02,-8.672793929017325043e-02
1.939412546317727942e-02,6.789058886598510201e-01,7.339691153178696803e-01,1.092320717623017079e-01,-7.311516118804101128e-01,6.734134502244465414e-01,9.938270585952233560e-01,6.711270213347067526e-02,-8.833834284335505271e-02
-2.843205316592490109e-02,9.320038944796478209e-01,3.613313701127252586e-01,1.082478240528761543e-01,-3.564809621927184091e-01,9.280106315026629415e-01,9.937172771671968219e-01,6.549858219017426486e-02,-9.075190791652486266e-02
-5.123277814393754903e-02,9.877268138020894872e-01,1.475498008810131878e-01,1.026110160309436359e-01,-1.417557202761805246e-01,9.845690911043665228e-01,9.934013196250301991e-01,6.558244479549245332e-02,-9.408911255769546178e-02
-4.875552731112317573e-02,9.852807572293033056e-01,1.638436083289953882e-01,1.046069427926271250e-01,-1.580994978760625891e-01,9.818665572728899615e-01,9.933178172549781415e-01,6.501060071240570559e-02,-9.535898341959081481e-02
-4.755877521391183721e-02,9.842720860131705107e-01,1.701370729601112131e-01,1.037892066908713828e-01,-1.645383555851154533e-01,9.808949638548590810e-01,9.934616064421575299e-01,6.430855492566830978e-02,-9.433157630793691240e-02
-4.646206054587195822e-02,9.808687944529334013e-01,1.890441350539093235e-01,1.042227071764813273e-01,-1.834555904002965476e-01,9.774874289011006301e-01,9.934681193871482963e-01,6.511877163558645043e-02,-9.370507639415906476e-02
-5.382686067240111810e-02,9.913547943560667708e-01,1.196592695005042478e-01,1.015580452696960845e-01,-1.137765672203731732e-01,9.883020065711424218e-01,9.933723534058879201e-01,6.534955591883030712e-02,-9.455581965198858740e-02
-4.658995145470741506e-02,9.809859613125575528e-01,1.884036096552447470e-01,1.063064791428143807e-01,-1.826681119178601431e-01,9.774105040261348298e-01,9.932413145433020008e-01,6.556603233414498577e-02,-9.577466516909093064e-02
-4.540353670992494650e-02,9.778345199941089749e-01,2.043970899061948177e-01,1.079666989322332904e-01,-1.986062690538678566e-01,9.741143371361392633e-01,9.931171687046334018e-01,6.629631513435166323e-02,-9.655613819794031660e-02
-3.996993998514840329e-02,9.629335616733921688e-01,2.667608661340315490e-01,1.124904431374227493e-01,-2.609404479599460869e-01,9.587783804515036534e-01,9.928485806508109413e-01,6.833036236884428016e-02,-9.789104901987993879e-02
-3.831348366432165559e-02,9.564406497291156883e-01,2.894017285975519216e-01,1.148265964403424738e-01,-2.834819500231660627e-01,9.520781673586421467e-01,9.926464273443141861e-01,6.970844681106123930e-02,-9.896364344424149473e-02
-3.740310300665215110e-02,9.471494733181992087e-01,3.186045873469674494e-01,1.165187601088529257e-01,-3.125193186989124738e-01,9.427380622329103455e-01,9.924839476929435689e-01,7.238474033265059060e-02,-9.867148999992549074e-02
-3.508835552158155735e-02,9.382318209232833883e-01,3.442235574648707663e-01,1.188024979655748492e-01,-3.380773927367547449e-01,9.335896545042998707e-01,9.922977243670020320e-01,7.365274419394056415e-02,-9.960170424631933916e-02
-3.437028968421457914e-02,9.313289606261784259e-01,3.625535136858911156e-01,1.213099288004398646e-01,-3.561977823695551271e-01,9.265025855384559916e-01,9.920194475722013960e-01,7.582550318971527370e-02,-1.007368289384329291e-01
-3.450281343904628567e-02,9.282331110914390226e-01,3.703955282374482016e-01,1.254409267016840523e-01,-3.636629846894643969e-01,9.230459400674337900e-01,9.915009479435777928e-01,7.831044017408111957e-02,-1.038910255350700557e-01
-3.529870094387931034e-02,9.255620863463268622e-01,3.769467151069363364e-01,1.298445508145934790e-01,-3.697372259272053707e-01,9.200189000164132880e-01,9.909058453432549873e-01,8.141994891849287097e-02,-1.071279495868328185e-01
-3.889572854454638462e-02,9.281618551970430842e-01,3.701387481177453864e-01,1.328891417091971339e-01,-3.623240020891055901e-01,9.225301044008953344e-01,9.903674057221297788e-01,8.506990106563315501e-02,-1.092497762739196854e-01
-4.486722343994990758e-02,9.320466278057347731e-01,3.595497404487278947e-01,1.396725710243537921e-01,-3.505244263987866149e-01,9.260800178177089892e-01,9.891807242178933812e-01,9.176987574231287859e-02,-1.144542910598112945e-01
-5.773456637750635362e-02,9.429247638440584334e-01,3.279628173662804125e-01,1.527412658367094389e-01,-3.163001942719360082e-01,9.362821651693121749e-01,9.865783423306030420e-01,1.041493006849422837e-01,-1.257620674569105423e-01
-7.254029596697167404e-02,9.538374607246378201e-01,2.914309591985708714e-01,1.706021487411991111e-01,-2.760275848643934382e-01,9.458877730676168438e-01,9.826661754155933126e-01,1.183337268588495472e-01,-1.427035976483607693e-01
-8.733247830554438651e-02,9.579621995318639005e-01,2.732790926892962324e-01,1.882830965794663192e-01,-2.535097285675166345e-01,9.488320678940358466e-01,9.782241633569780381e-01,1.343176897869283737e-01,-1.582284564635688395e-01
-9.819595910651537918e-02,9.563539568652855705e-01,2.752174827354957887e-01,2.051913904657521881e-01,-2.511544072752302514e-01,9.459481788052441775e-01,9.737833675381205589e-01,1.493605466458229891e-01,-1.715732502803922754e-01
-1.090561175448931247e-01,9.528041158012767742e-01,2.833215137228045633e-01,2.230618900873834742e-01,-2.542954633528095587e-01,9.410511200295251788e-01,9.686847559534927932e-01,1.658256139151204345e-01,-1.848018110111338819e-01
-1.281670043674632831e-01,9.496234665565820299e-01,2.859868716506605013e-01,2.470162661571017881e-01,-2.487108562338714302e-01,9.365499849154977907e-01,9.604978829988513045e-01,1.906782152121085927e-01,-2.026959175668080759e-01
1.572865080855899156e-01,-9.460917365579490923e-01,-2.831455109850861129e-01,-2.832805008538850089e-01,2.314415765804235803e-01,-9.306916538069628375e-01,9.460513264142770273e-01,2.265948424980842035e-01,-2.316067035796991469e-01
1.999449266682470083e-01,-9.435641627209344628e-01,-2.640240464964716538e-01,3.353559751309148074e-01,-1.872870951964637209e-01,9.232875575447034855e-01,9.206293479156649751e-01,2.731487045578147588e-01,-2.789827753728982285e-01
2.543690458908511864e-01,-9.385153286699654540e-01,-2.334210066469709632e-01,4.081570852191527821e-01,-1.146317334338062266e-01,9.056861263568997122e-01,8.767577671614801282e-01,3.256509535399333410e-01,-3.539029163210565820e-01
3.118028361773846902e-01,-9.306373789619603043e-01,-1.915543270995250791e-01,5.006008766583731617e-01,-1.044827507188552176e-02,8.656151545790375934e-01,-8.075752309479329316e-01,-3.657935243095964961e-01,4.626200859588323611e-01
-3.609834707099238704e-01,9.206742127146387844e-01,1.484921813311996242e-01,5.974262274554646979e-01,1.060388177361742124e-01,7.948821748419355737e-01,7.160815851720729874e-01,3.756524499792255334e-01,-5.883131820740182816e-01
-4.208815159165690267e-01,9.021387943990096803e-01,9.489122825673815265e-02,-6.645886755066851004e-01,-2.354648931192675210e-01,-7.091390389032334873e-01,6.173982846980069494e-01,3.615271493935601210e-01,-6.986540476540057387e-01
-4.641634759896666185e-01,8.842190797897068189e-01,5.204696430181295075e-02,-6.903386977397529822e-01,-3.243202025798214705e-01,-6.467216469251403366e-01,5.549637375182027155e-01,3.361146011919560195e-01,-7.609482406217915607e-01
-4.961352966263558595e-01,8.680666984452913848e-01,1.760609246167568059e-02,-7.084703529296083602e-01,-3.930308202177222876e-01,-5.861710785929138412e-01,5.019158559572250988e-01,3.032935564915209548e-01,-8.099959827859953831e-01
5.104342763554776674e-01,-8.598930320221631618e-01,6.389288003479529077e-03,-7.279172618857437937e-01,-4.360250781382141172e-01,-5.291678288438615985e-01,-4.578136185940979153e-01,-2.654545247576234890e-01,8.484931266165225416e-01
5.097666060028178681e-01,-8.599893951045143314e-01,2.358490432754430793e-02,-7.450282925976988713e-01,-4.549989733695016803e-01,-4.877589337589392504e-01,-4.301986176562234143e-01,-2.310717952076170312e-01,8.726597130761813981e-01
5.027063339680382104e-01,-8.637463412002512886e-01,3.505138872561832514e-02,-7.603548272500870731e-01,-4.610949979548329414e-01,-4.574406404535165116e-01,-4.112746995207774980e-01,-2.033068147510355417e-01,8.885490760840858426e-01
4.892863970045429611e-01,-8.712147574560888952e-01,3.979532757800620379e-02,-7.783234323445642477e-01,-4.567934777851069827e-01,-4.307578824773413140e-01,-3.934608701887503668e-01,-1.797903363468547622e-01,9.015896952531102793e-01
4.823866374305377236e-01,-8.750218561987067600e-01,4.049547138912992783e-02,-7.908562234126506052e-01,-4.549326937017742489e-01,-4.093686334964211082e-01,-3.766292154333466535e-01,-1.654478630137504458e-01,9.114699329688528140e-01
4.840656112094649521e-01,-8.742351138096855490e-01,3.732894087129363936e-02,-7.995050141782730213e-01,-4.592196424913109198e-01,-3.871809037826529631e-01,-3.556293243648595004e-01,-1.575762854376193678e-01,9.212477939835058693e-01
4.842684073174193804e-01,-8.742380434332585049e-01,3.452467361522366246e-02,-8.089538063537492496e-01,-4.624392920534103890e-01,-3.629650676730774017e-01,-3.332834362221306912e-01,-1.478436490997446506e-01,9.311629323382886181e-01
