1.278018977691665059e-01,8.784214991211034551e-01,-4.604805585564200610e-01,-2.304433841367622138e-01,4.778815248384232772e-01,8.476585957363373947e-01,9.646566858909939590e-01,-2.217678952522754085e-03,2.635005887391287382e-01
1.282029574932657401e-01,8.784497181554079548e-01,-4.603152119609612569e-01,-2.417137354129061388e-01,4.778254336334944452e-01,8.445456323288298428e-01,9.618411884519814103e-01,2.991261547891455562e-03,2.735919965050744862e-01
1.281439777115704615e-01,8.788909467953683885e-01,-4.594886555916228299e-01,-2.425673117651860611e-01,4.770119764319744604e-01,8.447607197327968720e-01,9.616341405333254100e-01,3.205929132409610777e-03,2.743164263749626741e-01
1.280335904498836053e-01,8.790115902102014767e-01,-4.592886064258988044e-01,-2.434803261473630076e-01,4.767861450383616417e-01,8.446255399161405331e-01,9.614180830916825293e-01,3.687299227210756938e-03,2.750666706977125120e-01
-1.277050747554000498e-01,-8.780194151664351132e-01,4.612735852750607379e-01,-2.315157825025749294e-01,4.786230633770732212e-01,8.469476994807692005e-01,-9.644127002139376570e-01,1.367404233381736695e-03,-2.643979460429380923e-01
-1.274022923355775938e-01,-8.775094916547644397e-01,4.623264517237106741e-01,-2.341612539653963321e-01,4.795589908528447576e-01,8.456900622766914122e-01,-9.638138632791047877e-01,-5.160891375283853388e-04,-2.665756376772059344e-01
-1.274525108736328793e-01,-8.764609404166584516e-01,4.642974018836995564e-01,-2.335483087328834584e-01,4.814723572071592517e-01,8.447718962734211967e-01,-9.639559351754707350e-01,-7.675736634823477483e-04,-2.660608311470420984e-01
-1.274774468354103740e-01,-8.753735953829222538e-01,4.663373983015961510e-01,-2.304631897056680090e-01,4.834470354716861595e-01,8.444913747838562745e-01,-9.646948837528963594e-01,1.800000403431624429e-04,-2.633699847381457126e-01
-1.263308238857215327e-01,-8.748511763945588937e-01,4.676279954166679964e-01,-2.252802964906945871e-01,4.843896441630894389e-01,8.453493127936052565e-01,-9.660689990623958501e-01,1.446301701628349701e-03,-2.582800752322336191e-01
-1.254703145848715395e-01,-8.748969967001372083e-01,4.677739254416107828e-01,-2.275321738422007023e-01,4.843088415136300173e-01,8.447923152458053364e-01,-9.656533073648204679e-01,-4.372605696560220856e-04,-2.598335982481448370e-01
-1.253594603930878182e-01,-8.745429082619594618e-01,4.684652679747636772e-01,-2.262199045670867381e-01,4.849481373770136439e-01,8.447779938138916256e-01,-9.659759626758899209e-01,-7.525475778099102731e-05,-2.586318500670585774e-01
-1.240025916117825783e-01,-8.754327337077192350e-01,4.671625905684138602e-01,-2.321870977176791473e-01,4.833250349348011121e-01,8.440888947609218596e-01,-9.647344240395919757e-01,-3.799915565273068868e-03,-2.631977426094196937e-01
-1.235655578657472581e-01,-8.767735010029187315e-01,4.647577657752601232e-01,-2.339071634895420193e-01,4.808843617058323749e-01,8.450074967330476472e-01,-9.643749228270107610e-01,-4.296347967670654383e-03,-2.645043470654827589e-01
-1.239581091881080954e-01,-8.774593592923302099e-01,4.633567307774889565e-01,-2.383407101211195978e-01,4.796164581615302014e-01,8.444890520069217033e-01,-9.632383365841856726e-01,-5.755506136071210366e-03,-2.685866360853572110e-01
-1.248925376890354932e-01,-8.772424263518466825e-01,4.635165363154987173e-01,-2.390074818111580512e-01,4.800176415681461917e-01,8.440725605193215575e-01,-9.629523755969872090e-01,-5.365556045657585843e-03,-2.696181246512168173e-01
-1.267203865591630119e-01,-8.757514958674362804e-01,4.658339415674253026e-01,-2.363767693371880974e-01,4.827512024195396712e-01,8.432539946423036614e-01,-9.633628426236969799e-01,-3.254849986685365987e-03,-2.681817283178592470e-01
-1.285044537205136950e-01,-8.738433145731702156e-01,4.689184011635366689e-01,-2.349510048656722749e-01,4.862034574743950843e-01,8.416675253641162646e-01,-9.634752880518541174e-01,-2.014823992165102468e-03,-2.677896745538882461e-01
-1.302427399514866635e-01,-8.727058109754063375e-01,4.705543498679899961e-01,-2.326273602802342855e-01,4.882464130659996404e-01,8.411301631598020467e-01,-9.638056546519009338e-01,8.728082760121880224e-05,-2.666057997176310423e-01
-1.320840357998792070e-01,-8.716128448127773432e-01,4.720644619585265822e-01,-2.309979478649616391e-01,4.901909751404227578e-01,8.404479495917982490e-01,-9.639469671973623921e-01,1.963835089421200192e-03,-2.660871807937182365e-01
-1.330689636962955613e-01,-8.709497914747369451e-01,4.730106887068259991e-01,-2.284668741120523539e-01,4.913575430912504038e-01,8.404585964107915697e-01,-9.644146091460155112e-01,3.771680983589629360e-03,-2.643676154302875281e-01
-1.335945242652781806e-01,-8.708382964810975624e-01,4.730678222710078540e-01,-2.268278189106893439e-01,4.915439515752209609e-01,8.407934848927148819e-01,-9.647287927985526146e-01,5.020463297025188482e-03,-2.631979317808741947e-01
-1.332061865470710593e-01,-8.709672540163427845e-01,4.729399055871882362e-01,-2.250306573792917875e-01,4.913085153612656297e-01,8.414137780978825365e-01,-9.652032506705676695e-01,5.655542833397114721e-03,-2.614396674765114836e-01
-1.327723247335417800e-01,-8.715973647734444052e-01,4.718999295452782627e-01,-2.261473692888912868e-01,4.901964839768143123e-01,8.417628968186249283e-01,-9.650020088831758880e-01,5.043889050771396820e-03,-2.621939778764544871e-01
-1.320438791769827647e-01,-8.720831856366506596e-01,4.712062513398194152e-01,-2.240296777919822402e-01,4.893241431018708898e-01,8.428360377001216097e-01,-9.655957318879963003e-01,5.727155266854095511e-03,-2.599847731161082365e-01
-1.311464397356939815e-01,-8.720344408280414905e-01,4.715469704646360616e-01,-2.216555047615095808e-01,4.894066265872586974e-01,8.434156692055230220e-01,-9.662657235737859285e-01,6.089980476502561413e-03,-2.574751708111355786e-01
-1.300960601771247171e-01,-8.718170329909520344e-01,4.722394266823164988e-01,-2.176801192393635065e-01,4.897811550230022348e-01,8.442332532376765064e-01,-9.673109018378355239e-01,7.034285407003118204e-03,-2.534958343138727366e-01
-1.288632910711096091e-01,-8.719515888823313743e-01,4.723289943036526606e-01,-2.121118852579912117e-01,4.895128911587706688e-01,8.458047514182468474e-01,-9.687119284630612004e-01,8.806590427578394123e-03,-2.480315375479852369e-01
-1.272606685658052295e-01,-8.727028639614224925e-01,4.713750454465266970e-01,-2.069864760103249657e-01,4.881423679057567688e-01,8.478641562209056071e-01,-9.700316082401706508e-01,1.033149983747123565e-02,-2.427590145104746855e-01
-1.258565892230891492e-01,-8.736494574404838342e-01,4.699965366500888364e-01,-2.022064132738977671e-01,4.864092786787151401e-01,8.500109293686514134e-01,-9.712222636348680771e-01,1.194316244551815384e-02,-2.378753360286932905e-01
-1.253830898479458555e-01,-8.740690852500253571e-01,4.693424282870302111e-01,-1.992470786892915624e-01,4.856221162921759982e-01,8.511590696231178255e-01,-9.718948926781976194e-01,1.320584636032022356e-02,-2.350445132479004051e-01
-1.255271422794274894e-01,-8.740886812767740821e-01,4.692674224948821804e-01,-1.978201606098733412e-01,4.855628911249154633e-01,8.515256090210657769e-01,-9.721677430399777720e-01,1.405901939124465198e-02,-2.338636854372914131e-01
-1.256796711873230665e-01,-8.739982314396294028e-01,4.693950486430871205e-01,-1.957005198811873903e-01,4.856909695979884645e-01,8.519422448553651828e-01,-9.725769515922527697e-01,1.521096615490469955e-02,-2.320833896257010476e-01
-1.258845356628421064e-01,-8.735746153194302588e-01,4.701281475836775470e-01,-1.901168691509207143e-01,4.863580715830861934e-01,8.528255403482197794e-01,-9.736573626000073478e-01,1.797825562981734959e-02,-2.273062308413622556e-01
-1.260717560533882731e-01,-8.728203956935102203e-01,4.714769020716070291e-01,-1.849937228404391898e-01,4.876171675817031481e-01,8.532331571084377231e-01,-9.746195333745625300e-01,2.034833509213345229e-02,-2.229410469692122421e-01
-1.270856602058773321e-01,-8.714264346552010876e-01,4.737775891219012658e-01,-1.799970972601310504e-01,4.899811112855422257e-01,8.529475690576253655e-01,-9.754231286718414440e-01,2.311881414584113573e-02,-2.191238017298139662e-01
-1.276631011655161296e-01,-8.708505194723201726e-01,4.746804244284715257e-01,-1.755166508646605894e-01,4.908793474433802428e-01,8.533647353405308111e-01,-9.761639400582549086e-01,2.562887021216097086e-02,-2.155159463742581383e-01
-1.273028663302526176e-01,-8.708964722240443157e-01,4.746928637464618017e-01,-1.676123374843979108e-01,4.905926718342197845e-01,8.551169128637196026e-01,-9.775991430781426628e-01,2.929445357532091052e-02,-2.084268467415011095e-01
1.263265081199998197e-01,8.709255671161614254e-01,-4.749002736255267254e-01,-1.577542497105184627e-01,4.902809334209152214e-01,8.571687132777230378e-01,9.793646971606027041e-01,-3.336559406497307395e-02,1.993276877109960710e-01
1.259055018289480521e-01,8.708895367267646126e-01,-4.750781192909676043e-01,-1.546573305017155120e-01,4.902650058218278595e-01,8.577419974494699950e-01,9.799127077098674921e-01,-3.452012291932308324e-02,1.964165124992064138e-01
