-3.178914949203347495e-01,8.226760530991701348e-01,-4.713269662500610413e-01,-2.192833332266862778e-01,4.198414400187748252e-01,8.807087969425285712e-01,9.224206292285039854e-01,3.833239842484849613e-01,4.693512409228607629e-02
-3.166813121038256629e-01,8.172408139792282089e-01,-4.814876930210861827e-01,-2.196382505571761456e-01,4.306378719569265989e-01,8.753913765445674455e-01,9.227523966137300970e-01,3.829732042884697041e-01,4.312237633340151866e-02
-3.124987532061367368e-01,8.195454254973136843e-01,-4.803018059418858732e-01,-2.203666257277201446e-01,4.292853533532717814e-01,8.758724996606157553e-01,9.240038308957321256e-01,3.795515524178283973e-01,4.644932235487837791e-02
-3.175727089432179850e-01,8.166449896788556817e-01,-4.819113355866280757e-01,-2.402821724801040559e-01,4.223270411133210889e-01,8.740162172023520082e-01,9.172851531136365644e-01,3.933584004147983593e-01,6.210568975869654174e-02
-3.175695628992526443e-01,8.113409692104419646e-01,-4.907905911900086737e-01,-2.456975785320530958e-01,4.295003930913068868e-01,8.690006399525253000e-01,9.158505733051998110e-01,3.965542132105943640e-01,6.294825939979116491e-02
-3.190667042029416423e-01,8.085791454962442115e-01,-4.943644442490139346e-01,-2.425463192075285046e-01,4.345900671550634864e-01,8.673538819703509040e-01,9.161701377516913158e-01,3.966500207975808268e-01,5.745467512158158874e-02
-3.177034254392138712e-01,8.040993822176899508e-01,-5.024825539074158076e-01,-2.411797561281255053e-01,4.439788501386097153e-01,8.629687745588341397e-01,9.170042849944416430e-01,3.953567555344505990e-01,5.287889139443919390e-02
-3.221607718756376304e-01,8.043486270540418648e-01,-4.992351382072091615e-01,-2.480345986441744310e-01,4.372125356232489102e-01,8.644790550206018498e-01,9.136144016705933790e-01,4.023288267700528831e-01,5.865356093125140280e-02
-3.213118000708313771e-01,7.987118258539164239e-01,-5.087417285581604665e-01,-2.446859108291707940e-01,4.489610684654928852e-01,8.593967442596128770e-01,9.148155727669602388e-01,4.006162481021281474e-01,5.117704152872434159e-02
-3.198763197238120859e-01,7.933667400551053239e-01,-5.179269792685882168e-01,-2.492148148630519144e-01,4.569442568040684161e-01,8.538699679849105495e-01,9.140957915518066468e-01,4.022078591327032382e-01,5.155309805591828942e-02
-3.193876956608237561e-01,7.903416850619968681e-01,-5.228302981980215147e-01,-2.599495513608655051e-01,4.574910200080746780e-01,8.503694475692645804e-01,9.112725885308707863e-01,4.075070397739579131e-01,5.933196378775792285e-02
-3.186412498920278558e-01,7.880385047309645952e-01,-5.267476330546070340e-01,-2.647952042383944216e-01,4.595852933757917369e-01,8.477410323471635811e-01,9.101380410023487411e-01,4.096055092086436922e-01,6.222598449469812776e-02
-3.232124765635344121e-01,7.834338492652365149e-01,-5.308155035594953608e-01,-2.603890019433308667e-01,4.656441157394918262e-01,8.457973310102975262e-01,9.097973745074354746e-01,4.115907692145692187e-01,5.349557025339875954e-02
-3.242274275471649370e-01,7.780678777543736935e-01,-5.380399175088713681e-01,-2.659790228251249777e-01,4.708392467409934778e-01,8.411691644047384342e-01,9.078170160572777148e-01,4.158374458068669344e-01,5.429073605765002281e-02
-3.297206380228552280e-01,7.728440191840403317e-01,-5.422143698513163246e-01,-2.758445151984784682e-01,4.704039220394909959e-01,8.382302509243989563e-01,9.028810022902893362e-01,4.259486731301357354e-01,5.808290249255076282e-02
-3.331541900302296688e-01,7.662259956227107649e-01,-5.494597431088905637e-01,-2.871966568123149877e-01,4.725931105507231722e-01,8.331709501511809224e-01,8.980681299217398994e-01,4.353773943281603609e-01,6.261116934613701612e-02
-3.345199967536601204e-01,7.650207235841511855e-01,-5.503086990578226478e-01,-2.892219863196046070e-01,4.724273832762269087e-01,8.325641177471673204e-01,8.969097024791700123e-01,4.376707209964575407e-01,6.322440653076578931e-02
-3.357620168543742900e-01,7.628622561543666469e-01,-5.525441576679216427e-01,-3.198303765964747303e-01,4.594184119237908481e-01,8.286393986479154705e-01,8.859866806245116910e-01,4.549460417681331914e-01,8.973127010952160199e-02
-3.346256856889544551e-01,7.632972152865289406e-01,-5.526327999793596568e-01,-3.432674807763305136e-01,4.474162709807970040e-01,8.258245074488341775e-01,8.776064534395062733e-01,4.660429611070937006e-01,1.122981357096508870e-01
-3.330610925031087799e-01,7.634857874416743906e-01,-5.533170529047536368e-01,-3.667598658741830220e-01,4.357112485109500000e-01,8.219750049149795457e-01,8.686526978284168088e-01,4.767023812564770702e-01,1.348974805540030242e-01
-3.347519782765933094e-01,7.623293467334679718e-01,-5.538908558090041012e-01,-3.986922692273872637e-01,4.180151609265010948e-01,8.162767911033047552e-01,8.538065281421921560e-01,4.940822728498920346e-01,1.640034150780433631e-01
-3.353007037425429493e-01,7.611038362770006227e-01,-5.552426392796117049e-01,-4.137142979303106705e-01,4.105405787172142218e-01,8.125865571830270806e-01,8.464123804374474869e-01,5.021726631657362772e-01,1.772249943186526844e-01
-3.402429715606891669e-01,7.629336724348450005e-01,-5.496971273061486141e-01,-4.445719430364311608e-01,3.846037204818147370e-01,8.089720425678242899e-01,8.286075716334987407e-01,5.196269716408359329e-01,2.083201924322498622e-01
-3.406337053900960199e-01,7.647515939317491851e-01,-5.469220038826951846e-01,-4.713184811124054296e-01,3.644447449789446347e-01,8.031431486473177284e-01,8.135278533118024402e-01,5.313520748393493198e-01,2.362993957880766549e-01
-3.406516819001542684e-01,7.651583037771038098e-01,-5.463416529787397113e-01,-4.792215166038175655e-01,3.586376727561432221e-01,8.010778724343811108e-01,8.088900850193019298e-01,5.347072001020773957e-01,2.445097963609311198e-01
-3.407611963523531351e-01,7.654803043620906911e-01,-5.458220503920981903e-01,-4.976717499770081932e-01,3.456856894219432208e-01,7.955025037067436910e-01,7.976243704497344433e-01,5.427165998590767204e-01,2.631616535555051928e-01
-3.448859294063167935e-01,7.660422041291339301e-01,-5.424325185592393517e-01,-5.211162064955127127e-01,3.243835498280404628e-01,7.894385422112892847e-01,7.806994268124370917e-01,5.549366216911055805e-01,2.873216853646715085e-01
-3.518946664491720555e-01,7.644586393705542493e-01,-5.401602840049860577e-01,-5.498602096114922899e-01,2.981845565529003261e-01,7.802177389161029097e-01,7.575116458580893886e-01,5.715671079803942289e-01,3.154158326151317859e-01
-3.549368201793691724e-01,7.595308039043848769e-01,-5.450989007522546448e-01,5.770779194274483492e-01,-2.807298993679547272e-01,-7.669235936585501179e-01,-7.355276531784816774e-01,-5.867739611820006473e-01,-3.386670782472635532e-01
-3.591359267831451541e-01,7.531712945579922547e-01,-5.511391722128352599e-01,5.936792863680053767e-01,-2.712895698615325202e-01,-7.575928155823019594e-01,-7.201154706234181857e-01,-5.992787083971716777e-01,-3.497123655672335074e-01
