5.644450268660020642e-01,-6.727215963219532746e-01,4.783800429452315095e-01,-8.243421322177159061e-01,-4.896615995309869795e-01,2.840626110481731526e-01,-4.314928385255507176e-02,5.546865527365874016e-01,8.309398098034618263e-01
5.736580232060417561e-01,-6.663191315168666140e-01,4.763772532205381993e-01,-8.178581292873454700e-01,-4.979042169102747550e-01,2.884431852923031170e-01,-4.499503050271364685e-02,5.550767566360300664e-01,8.305812672294539123e-01
5.755490481422662619e-01,-6.657332035859353514e-01,4.749132497896210170e-01,-8.165102799784444976e-01,-5.000135730684829305e-01,2.886128712251255779e-01,-4.532389956803559161e-02,5.538824138664238950e-01,8.313603404886775738e-01
5.813486098057309981e-01,-6.617528609713303478e-01,4.734099120985992837e-01,-8.125263443274346464e-01,-5.027903826672817100e-01,2.949623211042111670e-01,-4.283379099308298743e-02,5.561339605648517592e-01,8.299881229605715616e-01
5.810900161634159344e-01,-6.617828238602649904e-01,4.736854305958069777e-01,-8.127952803675384530e-01,-5.013859535566940195e-01,2.966074135760941033e-01,-4.120952957091480323e-02,5.573648891162581442e-01,8.292443277182939276e-01
5.842075550210032997e-01,-6.599679580199730999e-01,4.723810189278647154e-01,-8.104893680782858656e-01,-5.049019126614482378e-01,2.969529303153468081e-01,-4.252666091337599374e-02,5.563419388988734005e-01,8.298645251688984148e-01
5.882298771493187362e-01,-6.588779634876364977e-01,4.688981135164469460e-01,-8.075815390334326604e-01,-5.089967212741639546e-01,2.978831911077622907e-01,-4.239893207723135354e-02,5.538972530736512301e-01,8.315047586130663859e-01
5.921151753726586753e-01,-6.571096032913184004e-01,4.664832133697116578e-01,-8.047454897967987186e-01,-5.125023703747080273e-01,2.995430136257837828e-01,-4.224116173966319110e-02,5.527642260698786281e-01,8.322664204641756491e-01
5.950487589217584583e-01,-6.549496119610277445e-01,4.657874840501558533e-01,-8.025020140585764628e-01,-5.157007384020172447e-01,3.000721010749625162e-01,-4.367484330370620393e-02,5.523529254052280679e-01,8.324654670667626100e-01
5.947212974853693934e-01,-6.553818714404330281e-01,4.655976599002127903e-01,-8.027780870337852814e-01,-5.151514709428099970e-01,3.002770470146449155e-01,-4.305718634205992629e-02,5.523527537477247451e-01,8.324977562321775881e-01
5.973875190584818640e-01,-6.539765113322868473e-01,4.641582431658438646e-01,-8.007952869710148747e-01,-5.175393288353979937e-01,3.014630184178733741e-01,-4.307041256084657294e-02,5.517859781964888910e-01,8.328728437328126732e-01
6.034176709770271430e-01,-6.506732447672358699e-01,4.609896342617005871e-01,-7.962564227605206657e-01,-5.229369533554241167e-01,3.041589256095664773e-01,-4.316043981795201351e-02,5.506008276051022055e-01,8.336521487258926610e-01
6.116773330538725073e-01,-6.461138941227835275e-01,4.564949901692184620e-01,-7.899152503736750486e-01,-5.304826728116438517e-01,3.076069424992047829e-01,-4.341356303272776024e-02,5.487485486706157323e-01,8.348594449826246544e-01
6.202100410429174371e-01,-6.411678402933201903e-01,4.519328551490169321e-01,-7.831337686379118423e-01,-5.392749372191285584e-01,3.096514855547872203e-01,-4.517748785096647318e-02,5.459728405890760250e-01,8.365839180444308854e-01
6.254805923369215481e-01,-6.389539948495557287e-01,4.477854632250225508e-01,-7.788998943135112540e-01,-5.449577801162003299e-01,3.103803674996610251e-01,-4.570539627063103377e-02,5.429169460945357795e-01,8.385417141652090622e-01
6.383504570444697990e-01,-6.318915443798849285e-01,4.395699832021293663e-01,-7.683389764293017121e-01,-5.575806925875418374e-01,3.142594287418759014e-01,-4.651785991089311262e-02,5.383464009304796960e-01,8.414387923756008192e-01
6.489753152656834168e-01,-6.259921029508976886e-01,4.323944116416399419e-01,-7.593220771002634484e-01,-5.684519643563583635e-01,3.166896705728490247e-01,-4.755021980967719109e-02,5.338504015756765364e-01,8.442409166426019240e-01
6.594220219625855917e-01,-6.199850656371816982e-01,4.251836254345102706e-01,-7.502018527673464110e-01,-5.792328665597872295e-01,3.188831547783160802e-01,-4.857753652888841672e-02,5.292521182610328001e-01,8.470728529831386133e-01
6.726401581460910162e-01,-6.115489584156243996e-01,4.166090362797798541e-01,-7.383190107809928238e-01,-5.922495586434410875e-01,3.226848285959934004e-01,-4.939894703916491298e-02,5.246411456866630907e-01,8.498890588094466514e-01
6.849957956034923301e-01,-6.040074261967380842e-01,4.073767164489525694e-01,-7.268528214315459479e-01,-6.046916783128681860e-01,3.256270107902105582e-01,-4.965617768756995509e-02,5.191560490626675461e-01,8.532357591774396566e-01
6.938226212785225666e-01,-5.994257304901300376e-01,3.991227428104967556e-01,-7.184585947696635611e-01,-6.140792476962924074e-01,3.266862794032772133e-01,-4.926883197113842566e-02,5.134154956515528667e-01,8.567246413061024857e-01
7.002881306105944725e-01,-5.972053813100810515e-01,3.910783382651099038e-01,-7.122531639812752502e-01,-6.212723220126152857e-01,3.266743520690231772e-01,-4.787446631119515739e-02,5.073129551227073541e-01,8.604310553670668771e-01
7.046087126528888245e-01,-5.970228360931231215e-01,3.835235263148297769e-01,-7.081841200164740169e-01,-6.257256961339207058e-01,3.270208026322060091e-01,-4.474163843815384678e-02,5.020269777422762258e-01,8.636938690351032566e-01
7.075706311836287288e-01,-5.982686169585459401e-01,3.760564636446368514e-01,-7.054278247500114229e-01,-6.292158139571889519e-01,3.262806208383511319e-01,-4.141721809668609533e-02,4.961472779615961892e-01,8.672499597096732238e-01
7.076809368966880953e-01,-6.018739240320931660e-01,3.700479308457698124e-01,-7.054759802416441516e-01,-6.305787107176910045e-01,3.235338172304488280e-01,-3.861777900290250948e-02,4.900186416452175231e-01,8.708561293262274683e-01
7.058940422452988361e-01,-6.074200384116726914e-01,3.643549067304493461e-01,-7.074230651244852730e-01,-6.304192009279450115e-01,3.195688314451986534e-01,-3.558381728356985879e-02,4.833347991168583380e-01,8.747121034432963071e-01
7.026211245852499454e-01,-6.144876059417794245e-01,3.587875937522064795e-01,-7.108393148746038337e-01,-6.288998096557445461e-01,3.149484050500518939e-01,-3.210955800321700637e-02,4.763297298709245897e-01,8.786802403183594512e-01
7.002505525676564480e-01,-6.209520047995013003e-01,3.522325529592239546e-01,-7.133845115419281679e-01,-6.273397097708872661e-01,3.122938155594244258e-01,-2.704999668718792438e-02,4.699611646509308516e-01,8.822725210495698800e-01
6.974711023545349109e-01,-6.284311311296884028e-01,3.443956660694348360e-01,-7.163305225731844139e-01,-6.248941705803121582e-01,3.104478345950755780e-01,-2.011576024856787798e-02,4.632295208660642261e-01,8.860100265729607960e-01
6.981772984778892299e-01,-6.327256356648542912e-01,3.349727300283146247e-01,-7.158223922304596254e-01,-6.248695723716372052e-01,3.116670022725361866e-01,-1.211456444030272091e-02,4.573798066121776973e-01,8.891889280866177581e-01
7.021515959867848933e-01,-6.344986605450062545e-01,3.231015103954234524e-01,-7.120237986275121944e-01,-6.271546161431293953e-01,3.157517975220605067e-01,-2.290511134881757088e-03,4.517615933398468897e-01,8.921357611607014793e-01
7.024683688950850158e-01,-6.397095778740422567e-01,3.119452623107031308e-01,-7.116694857444216815e-01,-6.264032665168658420e-01,3.180337887037647526e-01,8.045729435482712119e-03,4.454106012133245973e-01,8.952902672120567340e-01
6.969340558063584767e-01,-6.485642937986946244e-01,3.060184286390281172e-01,-7.168930952878058704e-01,-6.189941871494938352e-01,3.207966430681691294e-01,1.863361977631842331e-02,4.429566040647073821e-01,8.963493934451531864e-01
6.918779787242663737e-01,-6.539979382918762463e-01,3.059273758041257119e-01,-7.214814253598426097e-01,-6.099595586369115363e-01,3.277405829130622394e-01,2.773833839928740302e-02,4.474774112035592721e-01,8.938649512344732928e-01
6.862073876001230088e-01,-6.571040349925624247e-01,3.119835066145443259e-01,-7.266006029256806276e-01,-5.990240328912160850e-01,3.364844303185222651e-01,3.421965854668703594e-02,4.575855059059847907e-01,8.885069047304652301e-01
6.811727182019104987e-01,-6.587030457833358277e-01,3.195528523627613748e-01,-7.310487909822298569e-01,-5.883305134861208652e-01,3.455935070347486704e-01,3.964080197019573953e-02,4.690175949545106748e-01,8.822987603086871466e-01
6.719311649933935593e-01,-6.649287185397523281e-01,3.261568775477590720e-01,-7.390231722303696182e-01,-5.731240968382422807e-01,3.540812343656615235e-01,4.851041555359243695e-02,4.789557065997150365e-01,8.764976729566288371e-01
6.612625623965983079e-01,-6.736344529838622641e-01,3.300733968768431725e-01,-7.481356822071747459e-01,-5.599522734903862320e-01,3.560146800643949616e-01,5.499840525952052334e-02,4.823588655410834813e-01,8.742454462293918205e-01
6.543521595885706255e-01,-6.800458347865387942e-01,3.306976169119656972e-01,-7.537490090613270244e-01,-5.514532166726210383e-01,3.574378004079683535e-01,6.070982277062743349e-02,4.831531976618791968e-01,8.734284773284300973e-01
