-2.004280052746733320e-01,7.293094403497832889e-01,6.541684453703812130e-01,-4.945455576346561299e-01,-6.517177107162739347e-01,5.750554033852444125e-01,8.457264960526200692e-01,-2.082588911797641218e-01,4.912992246270420083e-01
-1.313661386587745561e-01,7.867471012314477541e-01,6.031350896091169922e-01,-5.633535033722611995e-01,-5.598660369323357200e-01,6.076041893600474531e-01,8.157056870293866169e-01,-2.599596495489143733e-01,5.167641751846989706e-01
-1.521423332867132827e-01,7.728090751513210233e-01,6.161321642195241033e-01,-5.489203395917225947e-01,-5.844757813762104792e-01,5.975571284548246709e-01,8.219118999044741081e-01,-2.472937410215388654e-01,5.131341290997797344e-01
2.172463500814702519e-01,-7.135672148133476167e-01,-6.660524403677243743e-01,4.688476195369930544e-01,6.747650089458598899e-01,-5.699772735441203109e-01,8.561459764729227873e-01,-1.884516188463646880e-01,4.811445254010587869e-01
-1.520363357227269563e-01,7.736989879897987477e-01,6.150405097256338438e-01,-5.286180442078296515e-01,-5.894475547888010647e-01,6.108310269554034777e-01,8.351334719419976071e-01,-2.322530002757016154e-01,4.986086921675552674e-01
-1.674379115471808233e-01,7.615177695775650069e-01,6.261431404993026417e-01,-5.188917107072656965e-01,-6.080947445050284283e-01,6.008095990117435781e-01,8.382815388257134348e-01,-2.243021808252775584e-01,4.969633722328224423e-01
2.450040858742437710e-01,-6.906850571905873704e-01,-6.803874996489582827e-01,-4.521094742121296028e-01,-7.021937677074013839e-01,5.500190323257150293e-01,-8.576537886773181185e-01,1.728527244983977529e-01,-4.843056002163541041e-01
1.851798563142350307e-01,-7.662405448947030573e-01,-6.152916773164645026e-01,4.985585721995405839e-01,6.128131179130895667e-01,-6.131063795133705474e-01,8.468457775190207926e-01,-1.932239888655299942e-01,4.954964371467254214e-01
1.959562939927004532e-01,-7.524963966956403905e-01,-6.287688794817410942e-01,4.927201103849088160e-01,6.299373017625220506e-01,-6.003381452735093715e-01,8.478372624902319465e-01,-1.921670336145904767e-01,4.942102867452673465e-01
2.698250214880813513e-01,-6.650779746601811482e-01,-6.963230180030445249e-01,-4.430221115808318233e-01,-7.278065526281639608e-01,5.234778224547518288e-01,-8.549420251861631348e-01,1.672390790856589093e-01,-4.910246674019171920e-01
2.323667557366978220e-01,-7.415890008062137051e-01,-6.293261830812727498e-01,4.744347978785390940e-01,6.512602894687581356e-01,-5.922597892167076328e-01,8.490684974666953266e-01,-1.609527546962491729e-01,5.031668683104417727e-01
2.400605695845081655e-01,-7.264597866833076845e-01,-6.439154457402035403e-01,-4.703093185912465279e-01,-6.673033062558899609e-01,5.775079586518226948e-01,-8.492232143417886014e-01,1.642025450229107619e-01,-5.018540190443833149e-01
3.191692639361515260e-01,-6.367929985086951961e-01,-7.018729642953629444e-01,-4.368056833451040566e-01,-7.560977497421293991e-01,4.873571460769867691e-01,-8.410301873035662679e-01,1.510326782030744219e-01,-5.194779631119446073e-01
3.063254272338715167e-01,-6.979341487814537670e-01,-6.473427659244315180e-01,-4.534727850148634332e-01,-7.049048564087492252e-01,5.454095494783937070e-01,-8.369750091136827219e-01,1.264795136615744497e-01,-5.324244235035446859e-01
3.079596640836751442e-01,-6.864431545342829510e-01,-6.587538545545617019e-01,-4.526990056703575349e-01,-7.147243500276860839e-01,5.331347988478816191e-01,-8.367941536378821210e-01,1.340332013738541883e-01,-5.308584042538425640e-01
3.325582760686617290e-01,-6.259213522687800957e-01,-7.054271427952436557e-01,-4.374612980206180057e-01,-7.650424854989132939e-01,4.725860854021851631e-01,-8.354834563008146642e-01,1.514346596907949483e-01,-5.282375773191235746e-01
3.316867814633003286e-01,-6.707539038152754429e-01,-6.633800415441254428e-01,-4.558883592850815902e-01,-7.295944770564061210e-01,5.097623984928133511e-01,-8.259235333073358110e-01,1.333457894549269773e-01,-5.477857405626482823e-01
3.307719091089031949e-01,-6.619144273727264327e-01,-6.726509012707011514e-01,-4.559071131530813559e-01,-7.361586876323769069e-01,5.002190428200424810e-01,-8.262800060033370642e-01,1.412079227919302293e-01,-5.452721102531410402e-01
3.147837445430378689e-01,-6.022691358807211737e-01,-7.336096251665144008e-01,-4.141480982541924649e-01,-7.825983023347696799e-01,4.647808622299026693e-01,-8.540448155008607545e-01,1.575175709190121121e-01,-4.957778413441599197e-01
3.172092623594664484e-01,-6.344370626781806743e-01,-7.048885708916303727e-01,-4.458016538886486191e-01,-7.557871572127575766e-01,4.796317945908130653e-01,-8.370419160732088804e-01,1.620968429443956083e-01,-5.225757784704063713e-01
3.130403912653559884e-01,-6.281571877043187202e-01,-7.123371820787081088e-01,-4.429155124700083768e-01,-7.600347461760518231e-01,4.755765274049326696e-01,-8.401378233658229888e-01,1.666305258363731112e-01,-5.161421370219944071e-01
3.286706223707475116e-01,-5.790680639860886769e-01,-7.460936933534747517e-01,-3.899997118483116698e-01,-8.026968293242525698e-01,4.511962155770208871e-01,-8.601603610656909371e-01,1.426813844346725424e-01,-4.896592445641619884e-01
3.205665298891616777e-01,-6.087044253231207458e-01,-7.257520392715892665e-01,-4.175732104236407061e-01,-7.785324751412053823e-01,4.685294004510314192e-01,-8.502174509214190934e-01,1.528597649565049954e-01,-5.037501150432890373e-01
3.185404798520743985e-01,-6.026142315679282602e-01,-7.317021597668041943e-01,-4.136833764031773164e-01,-7.829002300526602953e-01,4.646862316350230393e-01,-8.528763256083951028e-01,1.546716447681561746e-01,-4.986769049409006671e-01
3.501159555559942849e-01,-5.460932506138727049e-01,-7.610525470025628625e-01,-3.691195008802283239e-01,-8.271688218118653513e-01,4.237245972235999525e-01,-8.609120813039184972e-01,1.325665940436930035e-01,-4.911786705554411769e-01
3.377871813456750916e-01,-5.708612722098395098e-01,-7.483429882143002310e-01,-3.835359035183830145e-01,-8.095541830810689676e-01,4.444347369055220986e-01,-8.595347758124050053e-01,1.368920470549950807e-01,-4.924028194702095851e-01
3.374252490060620224e-01,-5.660160616954575952e-01,-7.521768536959652085e-01,-3.822130886032730213e-01,-8.125880925855295533e-01,4.400156209597083645e-01,-8.602658636918845136e-01,1.390194579581404410e-01,-4.905264866197147078e-01
3.539505378526908164e-01,-5.405969714528074954e-01,-7.631997977003422973e-01,-3.724817446865113513e-01,-8.299972020439613241e-01,4.151650207742558774e-01,-8.578906495755063144e-01,1.373301097911445445e-01,-4.951404591786743303e-01
3.438064223789670804e-01,-5.588486943684738417e-01,-7.546424853754447604e-01,-3.734170146479948160e-01,-8.187231619386931003e-01,4.361789968309886523e-01,-8.616013446498065331e-01,1.318352035981324166e-01,-4.901658923159428749e-01
3.446189427504076086e-01,-5.544863863771547496e-01,-7.574844101498026117e-01,-3.750930821526219372e-01,-8.210348915576146656e-01,4.303566968994702591e-01,-8.605480602609228979e-01,1.358180921945972286e-01,-4.909281839676575832e-01
3.726156776496354350e-01,-5.052702128431175721e-01,-7.783698149229415497e-01,-3.552024299779988348e-01,-8.525531055436745831e-01,3.833854926383640782e-01,-8.573148724403587551e-01,1.336234045416708760e-01,-4.971478605518332983e-01
3.638744626675651239e-01,-5.259402695072551426e-01,-7.687536720751496633e-01,-3.455045181487706452e-01,-8.426646436869238421e-01,4.129684324724781086e-01,-8.649982678347840626e-01,1.153392005808328014e-01,-4.883388838216736749e-01
3.644169154268179778e-01,-5.215064405333951214e-01,-7.715123746467005272e-01,-3.507196425248454430e-01,-8.443398785710053422e-01,4.050751804319100979e-01,-8.626679802206916881e-01,1.229682964706270698e-01,-4.905942865189767410e-01
3.934634783193929342e-01,-4.506534310017231149e-01,-8.013101623935516837e-01,-3.311155381669626530e-01,-8.825849119058670755e-01,3.337759333153240138e-01,-8.576415286197418553e-01,1.339976059580478551e-01,-4.964832826836212964e-01
3.903303283326994277e-01,-4.661612833479574780e-01,-7.939369576301835707e-01,-2.996516241878618980e-01,-8.797139334664254573e-01,3.692049557990873532e-01,-8.705464599349441723e-01,9.379260723753671258e-02,-4.830650141775137962e-01
3.904481516008627140e-01,-4.615210106555798775e-01,-7.965855871373284103e-01,-3.074452602483625507e-01,-8.809578530127776252e-01,3.597091507953800171e-01,-8.677716594025677299e-01,1.044586901055583744e-01,-4.858608125781959108e-01
3.968664105166390677e-01,-4.314220886843274649e-01,-8.101679045721885686e-01,-3.079657245347509065e-01,-8.940764920761109513e-01,3.252450442799424968e-01,-8.646699744500352391e-01,1.204251124646689985e-01,-4.876921442595189005e-01
3.992813954357695150e-01,-4.367525131528551263e-01,-8.061151341548737914e-01,-2.736527355517349713e-01,-8.959368319257188240e-01,3.498733678403638803e-01,-8.750363121516253617e-01,8.089768509402212038e-02,-4.772494284569773759e-01
3.979147479683899924e-01,-4.310099007602739007e-01,-8.098730263417044384e-01,-2.786476465887030018e-01,-8.978465104635534599e-01,3.409210065381675370e-01,-8.740819998145654690e-01,9.001171643202199313e-02,-4.773662624286840739e-01
-4.124543192104512257e-01,4.057556505451236917e-01,8.156247829825595819e-01,-2.806220027531530770e-01,-9.083811673759480954e-01,3.099918488081887524e-01,8.666791367833037718e-01,-1.010247831347009240e-01,4.885296992580227537e-01
4.141682160262996071e-01,-4.171711944548676665e-01,-8.089702611040109348e-01,-2.611595619191517947e-01,-9.058776196077338305e-01,3.334387822554880643e-01,-8.719291095334469333e-01,7.317057339480816103e-02,-4.841339640402085309e-01
4.138673366735982073e-01,-4.112943492241396548e-01,-8.121273212563374644e-01,-2.659895470719382815e-01,-9.078212304876190908e-01,3.242069930220667362e-01,-8.706109283044685121e-01,8.183869361272116949e-02,-4.851175525010359424e-01
-4.116358853425225450e-01,4.239284684856522434e-01,8.067468943266449255e-01,-2.931985477284650421e-01,-8.997630479641839374e-01,3.232043767156015379e-01,8.628965810038862205e-01,-1.034944980451170116e-01,4.946699701479692068e-01
4.128826112740994203e-01,-4.342493062409228388e-01,-8.005969581111076483e-01,-2.740330052434211128e-01,-8.975179144695075717e-01,3.454960278260303941e-01,-8.685815225669610840e-01,7.674068826628765994e-02,-4.895681826055248709e-01
4.137393988431956604e-01,-4.285261628464953065e-01,-8.032341113280300204e-01,-2.808558900453023699e-01,-8.993372069952628722e-01,3.351306568203220038e-01,-8.659905766645109582e-01,8.693627476501608609e-02,-4.924453322534892985e-01
4.352169559028344348e-01,-3.709390949105739743e-01,-8.203599144043993707e-01,-2.195440379537767772e-01,-9.274006906186845756e-01,3.028669252971300518e-01,-8.731475343225912900e-01,4.829230691228873079e-02,-4.850579722048367071e-01
4.288910917214588392e-01,-4.001161390461510647e-01,-8.099132711079483071e-01,-2.294912645292397080e-01,-9.154060717740553077e-01,3.307045256176030512e-01,-8.737197439378068253e-01,4.403179571621509969e-02,-4.844326681998847306e-01
4.325097200372164385e-01,-3.919575181756927429e-01,-8.119757668914020510e-01,-2.301638852463273877e-01,-9.187250143617053944e-01,3.208877278962221080e-01,-8.717568055379003589e-01,4.810043587781775987e-02,-4.875719639875940592e-01
4.395490668460815264e-01,-3.333772247413602230e-01,-8.340600960713131506e-01,-2.153180901597489816e-01,-9.406043947561096852e-01,2.624909381587314239e-01,-8.720290923384941273e-01,6.421058004130898722e-02,-4.852239313204383953e-01
4.301637196099896698e-01,-3.736218820655297090e-01,-8.218064635746726854e-01,-2.191665804990618749e-01,-9.263226098238567241e-01,3.064187209056707939e-01,8.757426473134938272e-01,-4.830229571076910533e-02,4.803558096925892862e-01
4.335372133000573447e-01,-3.671355686707943322e-01,-8.229562314611834628e-01,-2.240133422361064164e-01,-9.284838999598221676e-01,2.962020763188670247e-01,-8.728479290141151203e-01,5.593855318267790255e-02,-4.847755883742488336e-01
4.434136581305017644e-01,-3.183600519793122752e-01,-8.378730244416847661e-01,-2.176730440857716498e-01,-9.450585326147105114e-01,2.438909916552159385e-01,-8.694841997769484632e-01,7.423777499265860058e-02,-4.883502627237742422e-01
4.322236606148864846e-01,-3.634200415836708054e-01,-8.252930271000662454e-01,-2.272380402537474420e-01,-9.295564817351819054e-01,2.903233031049120005e-01,-8.726657895588114666e-01,6.205336928349175496e-02,-4.843591633222839588e-01
4.352613221109862818e-01,-3.575925685327395742e-01,-8.262415726676761718e-01,-2.288442606959221470e-01,-9.315374918814997018e-01,2.826096345945438015e-01,-8.707341074178347462e-01,6.607159865844645930e-02,-4.872952472885243580e-01
4.519690107687754921e-01,-3.028277987410274985e-01,-8.390586020143993018e-01,-2.045011433180162763e-01,-9.507370602708004048e-01,2.329770903098852264e-01,-8.682760480897296906e-01,6.629001838361457677e-02,-4.916323197028257264e-01
4.383080066411405573e-01,-3.625390916903485916e-01,-8.224667156247766897e-01,-2.254409117115174221e-01,-9.301388717940334283e-01,2.898587147290949129e-01,-8.700933781157919045e-01,5.837025076235441423e-02,-4.894184581572196269e-01
4.395338118263988902e-01,-3.564637625642405050e-01,-8.244656537660625117e-01,-2.253337782350984808e-01,-9.322886368441267724e-01,2.829533283027706458e-01,-8.695025685112445224e-01,6.141240583029416999e-02,-4.900957046970357833e-01
4.569177235794086300e-01,-3.167631589676467296e-01,-8.311963035287445178e-01,-1.942817919653952730e-01,-9.474217357546369511e-01,2.542570351639976689e-01,-8.680327062903366864e-01,4.531176161339348085e-02,-4.944350969235143944e-01
4.513072476323106152e-01,-3.687350824267786042e-01,-8.126230412819127613e-01,-2.022146608266056633e-01,-9.292057475809486489e-01,3.093313912445864178e-01,-8.691553366236264289e-01,2.472079388383921494e-02,-4.939209280526826729e-01
4.495205122494594918e-01,-3.675651204422707430e-01,-8.141419970135692630e-01,-2.070311994304437908e-01,-9.294707910986846899e-01,3.053229944776139626e-01,-8.689472892698241191e-01,3.130384526930016231e-02,-4.939136338895498968e-01
4.650827564158769856e-01,-3.324120360767486848e-01,-8.204878231612701134e-01,-1.995516875293166237e-01,-9.423367066699057659e-01,2.686645776181120215e-01,-8.624831324082876671e-01,3.877846739914818375e-02,-5.045979357640706375e-01
4.663504819978290250e-01,-3.554257887630569712e-01,-8.100553910829498827e-01,-1.791618236800083530e-01,-9.347024189793261550e-01,3.069730100348397883e-01,-8.662668577730802122e-01,1.973989958171773473e-03,-4.995776561132402316e-01
4.650864389786223407e-01,-3.559453888110231112e-01,-8.105538134278030826e-01,-1.865150232489535265e-01,-9.344521326793979732e-01,3.033337400180983745e-01,-8.653939856392732777e-01,1.010405438893013930e-02,-5.009901772532859843e-01
-4.992471336529614168e-01,2.893482125102008751e-01,8.167189917324397808e-01,-1.597694388725800219e-01,-9.571722288482924501e-01,2.414436802319173125e-01,8.516020349562597458e-01,-9.946669731264463910e-03,5.240944932162654446e-01
5.007352472292772028e-01,-2.905433791327541315e-01,-8.153825832235781501e-01,-1.169510083424999125e-01,-9.560559809830923017e-01,2.688483268947927662e-01,-8.576634968505464363e-01,-3.926201814193162887e-02,-5.127102691594107586e-01
-5.001134283050246987e-01,2.890128943950857621e-01,8.163076048294350961e-01,-1.247119889364113471e-01,-9.568732276185278884e-01,2.623748198330498327e-01,8.569325986590305977e-01,2.941382566542270066e-02,5.145885232058764469e-01
-5.344731412247581970e-01,1.550307125642254313e-01,8.308453162118496493e-01,-1.417426769269381492e-01,-9.855519481294573447e-01,9.271661704256536907e-02,8.332151431934764485e-01,-6.821169767760291991e-02,5.487255137616747769e-01
-5.294561689271624072e-01,1.609249925088246380e-01,8.329341582448199777e-01,-6.737674894172251960e-02,-9.867183346249666087e-01,1.478083279689494933e-01,8.456574595467223343e-01,2.213763539692324006e-02,5.332667120794403193e-01
-5.300081691096450998e-01,1.590750856291689164e-01,8.329384477913810425e-01,-8.074512537610166463e-02,-9.872514785346017119e-01,1.371668431481918859e-01,8.441395414296380961e-01,5.443828002032670421e-03,5.360958863222560211e-01
4.979337363218720447e-01,-1.883283815795194216e-01,-8.465189985606818013e-01,-1.435810808497317570e-01,-9.805663448845719499e-01,1.336941154342015936e-01,-8.552464366804245488e-01,5.497330235077549365e-02,-5.152974564017244186e-01
5.092913095130791046e-01,-1.663622679592037801e-01,-8.443612721187085945e-01,-7.125894494830588288e-02,-9.859203248263493924e-01,1.512721912948962188e-01,-8.576389245010441753e-01,-1.687331899110219857e-02,-5.139754530003521893e-01
5.084667370480684401e-01,-1.677929161205959641e-01,-8.445751089248590970e-01,-8.630894690369582400e-02,-9.858222274190596712e-01,1.438933688913396070e-01,-8.567452030796939288e-01,-2.706035306547366348e-04,-5.157398411734968047e-01
-5.147877167272986165e-01,1.850437643725331427e-01,8.371095579274773213e-01,-6.750058525291253997e-02,-9.821458083837278918e-01,1.755940832283039987e-01,8.546562336385363778e-01,3.388829209501036110e-02,5.180871605836940841e-01
-5.296675464325659721e-01,1.526181855961663003e-01,8.343620195583205668e-01,-1.207420952783019516e-02,-9.849362637546331678e-01,1.724957095273442487e-01,8.481193923737287976e-01,8.129111738928251896e-02,5.235315181660207262e-01
5.274198109233273479e-01,-1.577894787583737912e-01,-8.348238277856966372e-01,-2.799414909770812226e-02,-9.852964862118930300e-01,1.685442430781676215e-01,-8.491434923862377637e-01,-6.552339011115052014e-02,-5.240820686557071673e-01
-5.232224708023717197e-01,1.430817469823688348e-01,8.400987202275305155e-01,-3.152133113817805893e-02,-9.883791861880251162e-01,1.487043711313628391e-01,8.516129706214780049e-01,5.132443853341280005e-02,5.216523270133962553e-01
5.385630827113311314e-01,-1.209327432454244955e-01,-8.338615457925879770e-01,2.843934763443087613e-02,-9.864737018260115731e-01,1.614336988110376125e-01,-8.421051059378491521e-01,-1.106567088649442199e-01,-5.278390695435335456e-01
-5.354777802404275810e-01,1.265297661924310035e-01,8.350172244547255929e-01,1.357967045502331271e-02,-9.872956278500142346e-01,1.583127783174151648e-01,8.444401337093814242e-01,9.611223384946764037e-02,5.269566387145603326e-01
-5.321963415235776429e-01,1.126827758910686483e-01,8.390885805958764321e-01,-1.323204830994669304e-02,-9.920890269155908658e-01,1.248369960035846243e-01,8.465175526629337144e-01,5.533493192513207204e-02,5.294771745244534200e-01
5.462534808531076536e-01,-8.825517927682921537e-02,-8.329574766977471123e-01,7.106681445068993574e-02,-9.859648055673978506e-01,1.510725324679308701e-01,-8.345996899949665870e-01,-1.417195311636949839e-01,-5.323146925898698534e-01
-5.410549781894083976e-01,9.000214264449514501e-02,8.361573565399392782e-01,5.780377437344375036e-02,-9.879256689996888108e-01,1.437414213081988912e-01,8.389983517532337842e-01,1.261050627489520015e-01,5.293196377468345482e-01
-5.476376374894228460e-01,7.345018828155777668e-02,8.334855054806933339e-01,7.333106044099586829e-02,-9.880932074304230595e-01,1.352566782249886301e-01,8.334959949391497203e-01,1.351920236968983946e-01,5.357308495402656190e-01
5.508185306071663456e-01,-6.244135970140117509e-02,-8.322860223134849189e-01,1.262846528230974763e-01,-9.794814322466320888e-01,1.570614858755537413e-01,-8.250158379092564775e-01,-1.916173282423258850e-01,-5.316311378353990591e-01
-5.469249916869982631e-01,6.283823375207620021e-02,8.348199864923554481e-01,1.208490271813294770e-01,-9.808090728943947845e-01,1.530002456121061505e-01,8.284132821831765581e-01,1.845668412986416485e-01,5.288350546205676794e-01
-5.597071245522694527e-01,6.389912449200886579e-02,8.262232365496532394e-01,1.240529839037002591e-01,-9.793273992806237338e-01,1.597770390351439806e-01,8.193526663836629975e-01,1.919238049523933898e-01,5.402096455845427636e-01
-5.615184443618707055e-01,5.520718387632957136e-02,8.256204960451682950e-01,1.547509447598160448e-01,-9.731611890641475027e-01,1.703215934495653783e-01,8.128647991747268708e-01,2.234042679710926405e-01,5.379045931342576470e-01
-5.593805197089167791e-01,5.572037015094633006e-02,8.270360781250256643e-01,1.506958858972916038e-01,-9.742752726377352790e-01,1.675662349648564253e-01,8.150976531335447639e-01,2.183642220623802643e-01,5.365937778052209950e-01
-5.631773107950660551e-01,7.056372854330250632e-02,8.233177253161170217e-01,1.355003685190194485e-01,-9.749749126844342584e-01,1.762486021708826456e-01,8.151508858713509831e-01,2.108190689905617143e-01,5.395223381965803533e-01
-5.720431043935831905e-01,6.306528719789339377e-02,8.177954855991805827e-01,1.628167383772722854e-01,-9.684681613800045774e-01,1.885739380121773112e-01,8.039013598818820494e-01,2.410232145331252518e-01,5.437374491757764883e-01
-5.682443928006768452e-01,6.520302854930776215e-02,8.202724395702859495e-01,1.626289600570379745e-01,-9.682933968115980949e-01,1.896304802552148672e-01,8.066288684403480902e-01,2.411565109198904322e-01,5.396233925985680635e-01
-5.848640507310359782e-01,3.808951055794708440e-02,8.102365280261932812e-01,1.716752479017527033e-01,-9.704547417053868141e-01,1.695441050564807373e-01,7.927557325055152315e-01,2.382578088688535878e-01,5.610450651174615500e-01
-5.892670389688136057e-01,2.964889087260836470e-02,8.073941417021494038e-01,1.977972832521964486e-01,-9.636221580832794453e-01,1.797458516599853284e-01,7.833521503914934181e-01,2.656186735170314450e-01,5.619663057124293370e-01
-5.867824279653800490e-01,3.442126643391851815e-02,8.090127061104412931e-01,1.970225911898409177e-01,-9.630016199457236414e-01,1.838748991644943154e-01,7.854097534356796473e-01,2.672883394370158538e-01,5.582906615814993145e-01
-5.814024860502270409e-01,6.281817514959717533e-03,8.135918436066846837e-01,2.244230743592772748e-01,-9.599384051811816754e-01,1.677871924591978758e-01,7.820520653445941495e-01,2.801406736390100183e-01,5.567007904281578989e-01
-5.858215061334852702e-01,-2.269168663169721448e-02,8.101223674910497108e-01,2.453696767700496439e-01,-9.576589004842496200e-01,1.506092694526433018e-01,7.724033173629281102e-01,2.870096125238773554e-01,5.665850312580072989e-01
-5.815955952940192741e-01,-1.940476602192447303e-02,8.132465915023743275e-01,2.473701053372247827e-01,-9.565911687997982193e-01,1.540823375980696353e-01,7.749545757785065714e-01,2.907865038647245992e-01,5.611493692860077820e-01
-5.826102879782760757e-01,-2.238139612738717851e-02,8.124434290763018485e-01,2.481658272119379727e-01,-9.567809970229258498e-01,1.516042411676884749e-01,7.739373195201830757e-01,2.899468862450589879e-01,5.629847498917800452e-01
-5.918553274716872314e-01,-3.370954120310960811e-02,8.053390206461243928e-01,2.863103733930334460e-01,-9.427628685572214673e-01,1.709518755594722217e-01,7.534810159724824041e-01,3.317556940003221766e-01,5.676306176268518522e-01
-5.939732202125983518e-01,-7.649673314393129475e-02,8.008395991012072779e-01,2.701834341388654193e-01,-9.566172770490414257e-01,1.090151235756168652e-01,7.577576958284260034e-01,2.811256570816401679e-01,5.888731946210583601e-01
-5.909427038150220080e-01,-6.836875892680609190e-02,8.038111927627029640e-01,2.714018620991666686e-01,-9.551699229747874220e-01,1.182854492042170608e-01,7.596892457162308654e-01,2.880557776666644587e-01,5.830061053676515170e-01
-5.918513126243748479e-01,-7.189429990446211116e-02,8.028344993745921698e-01,2.712177896748716455e-01,-9.557002518241203282e-01,1.143588178812218470e-01,7.590473860759171520e-01,2.854264148682821856e-01,5.851314616278616709e-01
-5.894217098811367350e-01,-6.107195230858682850e-02,8.055136650374189466e-01,2.800389491257929131e-01,-9.507545985357921392e-01,1.328302688981984614e-01,7.577336173704577460e-01,3.038682444814923000e-01,5.774979264918772559e-01
-5.996519339705752571e-01,-1.085829323668581481e-01,7.928602051332650502e-01,2.761648847064122059e-01,-9.579665074478505016e-01,7.767320685578432693e-02,7.510995370391615467e-01,2.655370358476981663e-01,6.044332618683186942e-01
-5.973885401011647112e-01,-9.564565862057668177e-02,7.962278820430966908e-01,2.758801573884988034e-01,-9.567737987966027369e-01,9.205453109768839404e-02,7.530053591543000024e-01,2.746557953573057764e-01,5.979524422239191894e-01
-5.980367203928548259e-01,-1.012750449706508321e-01,7.950443046321067353e-01,2.766238199863673142e-01,-9.571081074876055528e-01,8.615876506568551085e-02,7.522176169685921288e-01,2.714542978987194433e-01,6.004008834723720822e-01
-5.771725139366614687e-01,-4.300467050411992120e-02,8.154891093514775591e-01,2.095755083489308224e-01,-9.729671864279342275e-01,9.702041246457863977e-02,7.892718134181163636e-01,2.269040600107053718e-01,5.705826426507702998e-01
5.895478115224948024e-01,6.892211781316913422e-02,-8.047876239140265842e-01,2.285379043130702781e-01,-9.698734818343409669e-01,8.435553050466053360e-02,-7.747282131310480047e-01,-2.336560953852487299e-01,-5.875381050349779422e-01
-5.866642674771431754e-01,-6.321652704151822788e-02,8.073590948111726284e-01,2.060439044987284751e-01,-9.757923260535316112e-01,7.331606804757920259e-02,7.831800218879604314e-01,2.093633375828905796e-01,5.854878702344966657e-01
-6.396266454754436781e-01,6.373448435610283569e-02,7.660389480318171573e-01,3.467754754522383576e-01,-8.654614192765726077e-01,3.615567747514277785e-01,6.860207897889868400e-01,4.969048674018424760e-01,5.314706282849998020e-01
-6.387099856347779880e-01,3.507939577544658127e-02,7.686475071464498043e-01,3.371314355192985834e-01,-8.852100636267576927e-01,3.205394491144710756e-01,6.916588389047875207e-01,4.638669844318965563e-01,5.535661399678817318e-01
-6.407055065107819525e-01,4.603151406381034150e-02,7.664056064772460930e-01,3.355290843702580239e-01,-8.810529587044604316e-01,3.334155327812016734e-01,6.905915489407747909e-01,4.707725392066848813e-01,5.490505704035574253e-01
-5.848112985630437022e-01,-7.338484478437985736e-02,8.078430600240240622e-01,5.645083019054591977e-01,-7.519941668461649353e-01,3.403456333040837389e-01,5.825170573921608641e-01,6.550720857930945051e-01,4.812010393399657748e-01
-6.119710850957690296e-01,-8.487962337212855146e-02,7.863121775369580346e-01,4.956959532499315424e-01,-8.158728541405337875e-01,2.977196799142119432e-01,6.162604262309471226e-01,5.719675999676772093e-01,5.413650816675067423e-01
-6.092217953690161059e-01,-8.063984051653395879e-02,7.888891051147940425e-01,5.084296269642242239e-01,-8.031598304776056407e-01,3.105376001907079742e-01,6.085623373758619614e-01,5.902808677474246091e-01,5.303021579241176120e-01
-5.604761417082586572e-01,-9.598199005621992075e-02,8.225897836471539604e-01,5.817906988671849300e-01,-7.525193708367728940e-01,3.086003551959399238e-01,5.893946702231508405e-01,6.515382215191030113e-01,4.776105826007921995e-01
-5.607726812748217160e-01,-1.010625051756259551e-01,8.217787840918462372e-01,4.972004001402239304e-01,-8.347451544968194082e-01,2.366268986072422587e-01,6.620617509237700649e-01,5.412826406709410065e-01,5.183505964808414745e-01
-5.583328737693731281e-01,-9.918218125547251240e-02,8.236669818499705586e-01,5.130261511951297315e-01,-8.215130289743637348e-01,2.488383238475901926e-01,6.519728293865821867e-01,5.614973180227781357e-01,5.095607830228714441e-01
-5.812451170771550935e-01,-9.741330440805255619e-02,8.078766997495772095e-01,-6.197759840546518406e-01,6.963264501806467610e-01,-3.619491737356323457e-01,5.272872494789268005e-01,7.110837664460659679e-01,4.651107756586857489e-01
-5.725684013771310532e-01,-7.907064853918784053e-02,8.160350839786416621e-01,5.024112880735307485e-01,-8.203911208269780708e-01,2.730225384186271143e-01,6.478798680007986643e-01,5.663093160171808194e-01,5.094560189372783210e-01
-5.708161469162432722e-01,-8.363827989409959585e-02,8.168069322404472032e-01,5.225292161747410180e-01,-8.043551565196006559e-01,2.828002836351822813e-01,6.333499385517498137e-01,5.882324543211511214e-01,5.028423560319975616e-01
-5.967458344836155115e-01,-9.434279801534824206e-02,7.968650108325049386e-01,-6.477805082863080655e-01,6.427231247653983903e-01,-4.090078214119315936e-01,4.735766274963171263e-01,7.602673354514437598e-01,4.446557730815799969e-01
-5.995652895477562305e-01,-8.084771207705432339e-02,7.962318199000972818e-01,5.072361818783405196e-01,-8.079374124138700708e-01,2.999143101211794171e-01,6.190580904592056788e-01,5.836957984034881752e-01,5.254201133979513605e-01
-5.946789560684248022e-01,-8.921746084914525254e-02,7.989976119419883727e-01,5.336227594122606721e-01,-7.871454463958980075e-01,3.092713967625322358e-01,6.013349231889107971e-01,6.102805018168570017e-01,5.157072999828034021e-01
-6.019402159413957953e-01,-1.122145460477634304e-01,7.906173993074780970e-01,-6.308653269027345578e-01,6.738205129235197433e-01,-3.846750000654972634e-01,4.895680910193507263e-01,7.303244566757840506e-01,4.763919313305900460e-01
-5.948835122391922248e-01,-1.199789943075465354e-01,7.948073023009494253e-01,5.444438273340783674e-01,-7.875828163790284941e-01,2.886073911428757577e-01,5.913497490857527739e-01,6.044157081590669778e-01,5.338418548472858571e-01
-6.204591778787523770e-01,-1.061238245636139665e-01,7.770251877809460916e-01,-6.121632291611307508e-01,6.848416687311923434e-01,-3.952822657702879106e-01,4.901903604203569631e-01,7.209227577414014654e-01,4.898814018938598136e-01
-5.972287089973743468e-01,-1.194343343068104413e-01,7.931288098020511379e-01,5.414249319510561209e-01,-7.895933864483536402e-01,2.887928793076719458e-01,5.917574775286948974e-01,6.018951103520532309e-01,5.362325651460998488e-01
-5.721240762874113539e-01,-1.254654219639579071e-01,8.105137069930914429e-01,-6.249417792976378339e-01,7.066794655737635988e-01,-3.317407201786995996e-01,5.311514038582400010e-01,6.963207312925459025e-01,4.827169205151558562e-01
-5.761642555086051720e-01,-1.204504921017972852e-01,8.084098153947967269e-01,5.304339617603568424e-01,-8.076024680253428567e-01,2.577170266990285175e-01,6.218316193998398855e-01,5.772953599257576451e-01,5.292027064582746076e-01
5.491265779620843057e-01,1.574210208364481001e-01,-8.207792782316462032e-01,-6.075439777908729910e-01,7.495862451759115475e-01,-2.626990218731728999e-01,-5.738905090918433594e-01,-6.429145225003775055e-01,-5.072579228877717172e-01
-5.890079030436835561e-01,-1.190188025183896298e-01,7.993148408475666544e-01,4.923431816093394864e-01,-8.371888457371609027e-01,2.381449728549253630e-01,6.408337394947893895e-01,5.338064829321279570e-01,5.517089423824446115e-01
5.203031199754482028e-01,1.785141165491213322e-01,-8.351151857896612629e-01,6.422989695144829536e-01,-7.262667301428757938e-01,2.449258468357483065e-01,5.627936541081889343e-01,6.638293055298642997e-01,4.925382787309944277e-01
-5.943353682478215161e-01,-1.286968256110114506e-01,7.938530072547281824e-01,5.240118195470910845e-01,-8.107756110450452525e-01,2.608726154840330103e-01,6.100631795352621234e-01,5.710341807739551800e-01,5.493112791151701924e-01
4.630736882534959853e-01,2.195909804097871121e-01,-8.586865321931932415e-01,6.734146913478432639e-01,-7.170706002300458737e-01,1.797843368111098350e-01,5.762598482665551858e-01,6.615055219787584484e-01,4.799323198821030534e-01
-5.068518555155318017e-01,-2.151486790170710761e-01,8.347528032164203138e-01,-6.123527035663866025e-01,7.714272551194156780e-01,-1.729860008609402366e-01,6.067333541148038911e-01,5.988414113737736688e-01,5.227462109173692806e-01
-4.958614707705172320e-01,-2.159869001247509135e-01,8.411129893063121754e-01,-6.317410673785821551e-01,7.542916650394243527e-01,-1.787380984553175456e-01,5.958394293705892020e-01,6.199949540331386455e-01,5.104719692409926957e-01
-3.555350354995846507e-01,-2.946397779713690879e-01,8.870074631981915703e-01,-7.816467614400738340e-01,6.140648999020239529e-01,-1.093281255604507674e-01,5.124677344599882778e-01,7.321964899842801078e-01,4.486258142284582084e-01
-3.807219369177251012e-01,-3.177821451077064707e-01,8.683693425037296576e-01,-7.049720842718689706e-01,7.074571349336757908e-01,-5.018727556673130419e-02,5.983854670252211072e-01,6.312835420650368956e-01,4.933719918791794057e-01
-3.742757884081166497e-01,-3.089765467231670448e-01,8.743289585656582874e-01,-7.232474803657508167e-01,6.873605297160627625e-01,-6.669770860416948666e-02,5.803711884269202592e-01,6.573195537662639421e-01,4.807289130897414720e-01
3.152279047303275794e-01,4.051215815308991663e-01,-8.582003683623251611e-01,7.736723799123911283e-01,-6.334123162328699763e-01,-1.482856045632499446e-02,5.496020529801756149e-01,6.592915453897566502e-01,5.131006154133538333e-01
3.441718363438165396e-01,4.129000595452193556e-01,-8.432433147646524185e-01,7.208662380826615923e-01,-6.916475614393841065e-01,-4.444679456951230317e-02,6.015792664813808255e-01,5.925683011961636604e-01,5.356913239517852032e-01
2.564337201393928622e-01,4.132265175369265742e-01,-8.737766261349496633e-01,7.927721309795970894e-01,-6.070820165137104096e-01,-5.444055076609077837e-02,5.529503553824157702e-01,6.787453649417808377e-01,4.832707668093623177e-01
3.335876511975520153e-01,4.021596465579747592e-01,-8.526352664820198157e-01,7.344125768934659515e-01,-6.779284285188910131e-01,-3.242241056130486937e-02,5.910646714778335920e-01,6.153703474219988090e-01,5.214996545008722117e-01
2.176262796538057653e-01,4.495412364126989413e-01,-8.663437419226770464e-01,-7.092412450620895203e-01,6.826294422444842969e-01,1.760508474383528643e-01,-6.705338609696167573e-01,-5.761334232150802093e-01,-4.673912921179131374e-01
2.858430964167219535e-01,4.275810846538362076e-01,-8.575943914678720859e-01,-7.173745491296134036e-01,6.888312983732708394e-01,1.043321553619873387e-01,-6.353483143064002636e-01,-5.853937635708488241e-01,-5.036334590556632573e-01
2.414477167937549296e-01,5.064787962001672250e-01,-8.277573491396573724e-01,7.303951497255769532e-01,-6.564639102833558226e-01,-1.886214721415333806e-01,6.389256023297512632e-01,5.590477291744562205e-01,5.284313684788675136e-01
2.957132039980453486e-01,4.725372972790922166e-01,-8.302181663041228177e-01,7.280838226027677162e-01,-6.741144210029423878e-01,-1.243531047461600286e-01,6.184235185092428200e-01,5.676955610853752221e-01,5.433912970214095361e-01
2.742475757234977274e-01,4.533872221573409522e-01,-8.480732833866627685e-01,5.919667851278842541e-01,-7.745911238924684250e-01,-2.226744621467861285e-01,-7.578677935597619708e-01,-4.409632836999619609e-01,-4.808199142229919731e-01
2.407681609996419059e-01,5.023106839918262123e-01,-8.304906196920678330e-01,7.356928543156965317e-01,-6.525686131628514186e-01,-1.814117670481622813e-01,6.330771807273377627e-01,5.673078369477875249e-01,5.266641257765225514e-01
2.356796318124193823e-01,5.732650101120658759e-01,-7.847434863252930048e-01,7.306459377583330861e-01,-6.369502872618970635e-01,-2.458675358688761636e-01,6.407898444778979963e-01,5.154236701376836427e-01,5.689699600820693481e-01
2.510402246655360492e-01,5.452171719859344456e-01,-7.998231310555712348e-01,-7.053891136118159988e-01,6.688853874816377276e-01,2.345603052766502827e-01,-6.628763112359752352e-01,-5.053024577272499096e-01,-5.525073956219836990e-01
2.765946013335699449e-01,6.123625304000078762e-01,-7.406129609149589843e-01,7.712030849418440859e-01,-6.012601234228179825e-01,-2.091221312003116728e-01,5.733595977127323717e-01,5.133209476961531070e-01,6.385611766831874592e-01
2.693483380459705812e-01,6.416601827629609955e-01,-7.181390413064017153e-01,9.616878892811923096e-01,-1.396678409012178101e-01,2.359010339694963543e-01,-5.106737120470292851e-02,7.541651702873819474e-01,6.546961276223076664e-01
2.456116175030531590e-01,6.581014631633235190e-01,-7.117425078845768249e-01,8.633197096302669404e-01,1.854164941976348124e-01,4.693610578684287438e-01,-4.408559995184890279e-01,7.297418638544396208e-01,5.226115190337875527e-01
2.165759532248114350e-01,6.510878589659697679e-01,-7.274472189732215099e-01,8.724961354161724358e-01,2.052181319466295228e-01,4.434365929918048232e-01,-4.380015412856533286e-01,7.307325900953407505e-01,5.236263282188419188e-01
1.635988698790989404e-01,6.393051666538808187e-01,-7.513483304459627199e-01,-8.192725397737593562e-01,-3.362306883790804335e-01,-4.644797409627071660e-01,5.495706645618335662e-01,-6.915474156424731289e-01,-4.687582069375222371e-01
1.812364881767124236e-01,6.295714385819932701e-01,-7.555085301141029053e-01,-8.270932361381578835e-01,-3.180373186277494768e-01,-4.634318101884902230e-01,5.320433385429063078e-01,-7.088667488899946800e-01,-4.630743117797048169e-01
1.196630529571909712e-01,6.215282890281980110e-01,-7.741985143970798733e-01,-7.491476388234155070e-01,-4.551950507366653298e-01,-4.812226938020968126e-01,6.515048495615870516e-01,-6.375735657338108542e-01,-4.111464207252788494e-01
1.743732752320646395e-01,6.486392686459545587e-01,-7.408515776154385168e-01,-7.182442892879988827e-01,-4.308922543512879733e-01,-5.463121873482621460e-01,6.735867440723727340e-01,-6.273746602394030258e-01,-3.907453568495389273e-01
4.863520881658922601e-02,6.020916595785880121e-01,-7.969443204699235839e-01,-7.479603440673261439e-01,-5.068410596122070455e-01,-4.285644222212832144e-01,6.619591680504579578e-01,-6.169260683072784746e-01,-4.256903640874068473e-01
8.705904182669223224e-02,6.391151139540566239e-01,-7.641679097892764005e-01,-6.406646694124745745e-01,-5.514930624379574819e-01,-5.342323309660396147e-01,-7.628692578698025306e-01,5.360851361475122978e-01,3.614460156079748465e-01
7.878040459918485283e-02,6.640169920141311133e-01,-7.435557021284244783e-01,9.862299015634968802e-01,-1.607094582200418453e-01,-3.902628986563046187e-02,1.454105536515293839e-01,7.302423600114734681e-01,6.675341688120763894e-01
1.048071033576586653e-01,6.868975471411219447e-01,-7.191573060306677423e-01,5.286026609607672455e-01,-6.510057512601755692e-01,-5.447666827655399668e-01,-8.423744404425939081e-01,-3.230530475907708032e-01,-4.313258982849763057e-01
1.061145356622670149e-01,6.964967421910820411e-01,-7.096703413828078233e-01,-4.990437986078684607e-01,6.546103342151231574e-01,5.678385311070340835e-01,8.600552263617791127e-01,2.939006608634524564e-01,4.170460515960018877e-01
1.376595697945902919e-01,7.241450620822876827e-01,-6.757690226000362399e-01,9.771683051826268729e-01,1.218740313588505784e-02,2.121168794587462714e-01,-1.618392603495246718e-01,6.895399888814596201e-01,7.059338903487177852e-01
1.166798766515609320e-01,6.880476017609005179e-01,-7.162236411175277873e-01,9.405743766697627350e-01,-3.081185225464802002e-01,-1.427684069255564792e-01,3.189132301063468677e-01,6.570034046904531522e-01,6.831111753501690753e-01
1.411394948949713513e-01,7.766711218806782169e-01,-6.138905532889404881e-01,8.737052923075186994e-01,1.938721431706978138e-01,4.461531735808160759e-01,-4.655305630940095307e-01,5.993292588711225388e-01,6.512186532082485657e-01
8.379094824840913058e-02,7.611716130207225595e-01,-6.431149605809715064e-01,-8.207845452881169512e-01,-3.132482076038400898e-01,-4.776905804484333218e-01,5.650591183299426001e-01,-5.678849671935449761e-01,-5.985105319271956104e-01
6.715474338128492315e-02,8.084359697312876181e-01,-5.847405606643228948e-01,9.585616288741927171e-01,1.103465941419195240e-01,2.626465929939566513e-01,-2.768570824296326949e-01,5.781478288516797015e-01,7.675254027735107787e-01
4.630803819976938435e-02,7.913886136567396257e-01,-6.095569110202527785e-01,9.070659998624627240e-01,2.222940631185169880e-01,3.575145051543663910e-01,-4.184337910489536183e-01,5.694641443293196881e-01,7.075477021598445271e-01
4.464492583226843669e-02,7.858878137215107307e-01,-6.167553606102307295e-01,8.998973021630056746e-01,2.364526216441399931e-01,3.664355376834475542e-01,-4.338106455092766156e-01,5.713759725099029074e-01,6.966619136146219304e-01
-8.479022465321496560e-02,8.391915499432920367e-01,-5.371854058954254052e-01,-7.986907529805137296e-01,-3.795817200107083345e-01,-4.669162654450283445e-01,5.957379448269828348e-01,-3.894550812834360887e-01,-7.024393502330538164e-01
6.045284900489201335e-02,-8.307080193611161567e-01,5.534163347935471267e-01,-7.511412719713618236e-01,-4.029920683624612643e-01,-5.228615327007626323e-01,6.573676616539916306e-01,-3.840853803597283345e-01,-6.483410969586043127e-01
6.049399632592404596e-02,-8.310558719102651981e-01,5.528893326625028415e-01,-7.466290324359965425e-01,-4.052997014861156599e-01,-5.275198952636314109e-01,6.624843879912991618e-01,-3.808914408840585186e-01,-6.450086401972141559e-01
