8.325989253833557813e-01,-4.125615835158450428e-01,3.695564493516245719e-01,-5.455467773267084208e-01,-4.955661329608697652e-01,6.758645734247745729e-01,9.569609813845193769e-02,7.643344475222269008e-01,6.376794720954781504e-01
8.322047561701558793e-01,-4.132511541632266083e-01,3.696738121513781783e-01,-5.459550954652765409e-01,-4.943431531914741495e-01,6.764302481617832097e-01,9.678986281254979562e-02,7.647537711417132789e-01,6.370112965884167089e-01
8.327689272409916077e-01,-4.129433029143785849e-01,3.687461761158368212e-01,-5.451320003123728553e-01,-4.954429761747197736e-01,6.762894052065043793e-01,9.657647776409679363e-02,7.642081430718336010e-01,6.376981245114189401e-01
8.320145956429964018e-01,-4.136883511164067273e-01,3.696128525736216974e-01,-5.468077521225774840e-01,-4.991956707859819820e-01,6.721643879938804522e-01,9.355744147674763256e-02,7.613577545537462132e-01,6.415460815289911745e-01
8.321273571663166946e-01,-4.133030482172994624e-01,3.697900103973743025e-01,-5.477446035723931850e-01,-5.080921902309079030e-01,6.646940465234218998e-01,8.683265925170953470e-02,7.556605829078606451e-01,6.491819257547368771e-01
8.326086186488975693e-01,-4.124794969838262437e-01,3.696262338086193644e-01,-5.469870243469121540e-01,-5.075529147924889850e-01,6.657290994704666565e-01,8.699473172373896335e-02,7.564725396560124659e-01,6.482138639358903109e-01
8.327519034543443555e-01,-4.119988612293984387e-01,3.698394322389734201e-01,-5.475104745205111589e-01,-5.136519182980866516e-01,6.606012315451897932e-01,8.219822129153245283e-02,7.526078960350972569e-01,6.533183046893243917e-01
8.335985387315255624e-01,-4.114142284746120093e-01,3.685808036690255696e-01,-5.467250150298110789e-01,-5.193718978586230328e-01,6.567682922122417555e-01,7.877330871124960110e-02,7.489934340989723438e-01,6.578781053594277006e-01
8.335057032738154570e-01,-4.111766961194284753e-01,3.690555069069332839e-01,-5.473892929794319517e-01,-5.238045295990716443e-01,6.526819874203462213e-01,7.505467701282711457e-02,7.460311919348991960e-01,6.616677837999171974e-01
8.348596883029578697e-01,-4.094096019520088725e-01,3.679579849333146080e-01,-5.460374825605508464e-01,-5.313494109568097645e-01,6.476965887780998798e-01,6.965894404614443591e-02,7.416546240032141357e-01,6.671551919973547351e-01
8.361717866202157401e-01,-4.076664728077139532e-01,3.669125102921317327e-01,-5.445897083438747677e-01,-5.377064240688261831e-01,6.436566251356763413e-01,6.510601221307955877e-02,7.380242871773480262e-01,6.716259068187273584e-01
8.366187665438816756e-01,-4.076994982071213136e-01,3.658553793895280015e-01,-5.443253757519679326e-01,-5.437855678215721689e-01,6.387543671408045798e-01,6.147295973900208238e-02,7.335382576189410919e-01,6.768623935707279715e-01
8.374362872050641338e-01,-4.068322325200002809e-01,3.649493108021852339e-01,-5.434542781491352725e-01,-5.490612143325878103e-01,6.349718343966342937e-01,5.794749721601379772e-02,7.300817197399321890e-01,6.808985020309440417e-01
8.382929138846999528e-01,-4.057098895498010838e-01,3.642313496284846908e-01,-5.426840547486986299e-01,-5.565309271076867015e-01,6.291004243315768685e-01,5.252625298087255923e-02,7.250329735219954719e-01,6.867082204645890142e-01
8.390471584678083072e-01,-4.047777922270736073e-01,3.635310231422803073e-01,-5.420127396554869081e-01,-5.640074885967807372e-01,6.229909653100166311e-01,4.713868812610629011e-02,7.197572449975955244e-01,6.926236007783886928e-01
8.397668737404003769e-01,-4.038286028085126267e-01,3.629243134897396361e-01,-5.412914809645104075e-01,-5.705286548364681964e-01,6.176573375632615770e-01,4.236897925984784569e-02,7.151360105352088103e-01,6.977000473213859078e-01
8.398564058200861382e-01,-4.036189915470194123e-01,3.629503096369169901e-01,-5.414411838498015550e-01,-5.754907116949169454e-01,6.129044666048726331e-01,3.850535072288273353e-02,7.112679877623099278e-01,7.018655053144174927e-01
8.397814687886863139e-01,-4.036056731018425880e-01,3.631384657663319082e-01,-5.418663817432182173e-01,-5.813304217471521040e-01,6.069890979974776890e-01,3.388080600619673005e-02,7.065107227716271865e-01,7.068908611611010029e-01
8.396170677151492123e-01,-4.035572491521403626e-01,3.635721747578760654e-01,-5.423476114770210410e-01,-5.858287959591865768e-01,6.022156508678430109e-01,3.003744207792304749e-02,7.028130394932688985e-01,7.107401660182492975e-01
8.401735574376367754e-01,-4.024494088171500228e-01,3.635146031802745648e-01,-5.416198524215517507e-01,-5.886921877113895363e-01,6.000745316962171616e-01,2.750143351613727055e-02,7.010534797505137972e-01,7.125781989959087959e-01
8.408502458086809517e-01,-4.007347787559205066e-01,3.638440616787965709e-01,-5.407265319747761589e-01,-5.918566586939781882e-01,5.977629238905094455e-01,2.420086242289718262e-02,6.993692391398431685e-01,7.143507441047044493e-01
8.412786711977044973e-01,-3.992065999972448931e-01,3.645329723172710534e-01,-5.402114880551783793e-01,-5.951769279507486132e-01,5.949251823618828539e-01,2.053644470287951593e-02,6.974227663001472122e-01,7.163656464998978679e-01
8.421587938622278058e-01,-3.972681841919352141e-01,3.646183700108378001e-01,-5.389688011678013257e-01,-5.991180610696199560e-01,5.920896724888233820e-01,1.676893819717409362e-02,6.951514502099680470e-01,7.186677006675042945e-01
8.433304045494385282e-01,-3.951197235760280924e-01,3.642447430007519360e-01,-5.372747247533671278e-01,-6.055550929249685632e-01,5.870595366518005509e-01,1.138854264927889083e-02,6.907846505777586188e-01,7.229708622223235404e-01
8.444844696787584537e-01,-3.932102910444703059e-01,3.636366971141778426e-01,-5.355481873344823951e-01,-6.125588750636237201e-01,5.813430687842917610e-01,5.841191157244467365e-03,6.856801671315213564e-01,7.278795153652517502e-01
8.451845492364310486e-01,-3.922733315736764426e-01,3.630216399446448694e-01,-5.344739332977486157e-01,-6.192582584880351737e-01,5.752015506929718525e-01,8.320800710857854943e-04,6.801770671159490522e-01,7.330473825151420098e-01
8.456202737171527595e-01,-3.917612683408172591e-01,3.625595969030771526e-01,-5.337633642724819438e-01,-6.267074705102320120e-01,5.677450284830231064e-01,-4.798295431634275361e-03,6.736177365796282013e-01,7.390643553346960548e-01
8.457128328718580557e-01,-3.917227728970543166e-01,3.623852556461135133e-01,-5.335285629733053092e-01,-6.344460567726684097e-01,5.593080309965630104e-01,-1.082020367166683372e-02,6.663568640296693157e-01,7.455544600852770376e-01
8.455652256855220594e-01,-3.918952445388543260e-01,3.625431924877690060e-01,-5.336028161536588987e-01,-6.419512998251295510e-01,5.506056331401912862e-01,-1.695534441632948197e-02,6.590270449387173324e-01,7.519281018389095683e-01
8.456884658565999580e-01,-3.922493310580041359e-01,3.618721887651207281e-01,-5.331431186390855892e-01,-6.512736613478584680e-01,5.400009565568796299e-01,-2.386281133690508482e-02,6.496022477786721483e-01,7.598996551624406237e-01
8.464152535507126762e-01,-3.919520711127077450e-01,3.604924305823101749e-01,-5.316579155492753284e-01,-6.605530607261066445e-01,5.301033057802715387e-01,-3.034928978546799425e-02,6.403461781847624712e-01,7.674866075011900213e-01
8.468475824629030368e-01,-3.921472391289853587e-01,3.592627380069505771e-01,-5.307298752244438145e-01,-6.666601799003277762e-01,5.233450143829680989e-01,-3.427785904899791070e-02,6.338649283394508505e-01,7.726838169654132171e-01
8.469848325743039030e-01,-3.925374395719085086e-01,3.585122758336305449e-01,-5.302453269992211116e-01,-6.722005725079112093e-01,5.167071545039090275e-01,-3.816525362902963708e-02,6.277425816800763503e-01,7.774848323672074457e-01
8.473036424598180405e-01,-3.925686530933054086e-01,3.577239020289712523e-01,-5.294568769465011204e-01,-6.774172993421591071e-01,5.106674240697492984e-01,-4.185633677691549814e-02,6.220897484772462960e-01,7.818263182517800614e-01
8.465541265746997501e-01,-3.943866210422435903e-01,3.574986768118567637e-01,-5.305240799070067848e-01,-6.799779169301710668e-01,5.061365755664459787e-01,-4.347771174027597468e-02,6.181336632397453901e-01,7.848697108129746303e-01
8.434237508852051590e-01,-3.997864387302058065e-01,3.588971716942770951e-01,-5.353190483820319256e-01,-6.819386801812912235e-01,4.983905626232857378e-01,-4.549607545808651010e-02,6.124789301519021345e-01,7.891765754493058616e-01
8.374786549424180215e-01,-4.087329768965350940e-01,3.627214580268649513e-01,-5.444045729395026179e-01,-6.816806925617193702e-01,4.888098754640010091e-01,-4.746749917992421075e-02,6.068350574792713559e-01,7.934091312404546459e-01
8.299227544034604165e-01,-4.197309767436493977e-01,3.674971141181859191e-01,-5.557573624252183375e-01,-6.794220695537706023e-01,4.790818359251738934e-01,-4.860016289620212177e-02,6.018401436968896512e-01,7.971364159297765761e-01
