4.004746550626078205e-01,6.928130719573073470e-01,5.996916690913459691e-01,8.875234154116224961e-01,-1.305334919355293499e-01,-4.418859520048195599e-01,2.278645162120989387e-01,-7.092045225519904017e-01,6.671631790223659930e-01
4.018101905065319945e-01,6.924108494293851335e-01,5.992627023247667495e-01,8.877065049288476173e-01,-1.338906880140263989e-01,-4.405115716642877821e-01,2.247792960041352373e-01,-7.089714375456941386e-01,6.684562579797406201e-01
4.026232450501360804e-01,6.916439616534985069e-01,5.996024957032384251e-01,8.876147125578156549e-01,-1.349264720842998921e-01,-4.403804822897936511e-01,2.236842520076115781e-01,-7.095234157088395888e-01,6.682378902491660222e-01
4.020184036565094821e-01,6.912652870602521427e-01,6.004444237620816249e-01,8.846412406032396758e-01,-1.240691291147359432e-01,-4.494627088254059544e-01,2.362013517011119501e-01,-7.118701806553059397e-01,6.613998543606961489e-01
4.024827020671944977e-01,6.915479453176898161e-01,5.998075640266393727e-01,8.832762151169263332e-01,-1.212467497749774997e-01,-4.529043535645478347e-01,2.404803575043229225e-01,-7.120819229526088590e-01,6.596275711783945450e-01
4.024204477610037745e-01,6.910525467650084908e-01,6.004199870369320013e-01,8.842887161139350027e-01,-1.237552889957493490e-01,-4.502422625644409981e-01,2.368359131918170157e-01,-7.121313123681435320e-01,6.608916281565559991e-01
4.038913595162000880e-01,6.899499066962606619e-01,6.007003379039970170e-01,8.852930885920654580e-01,-1.293407696051085964e-01,-4.466845784321181179e-01,2.304949392053468882e-01,-7.122078991191960196e-01,6.630475031496193550e-01
4.051212002034774717e-01,6.896098487938339128e-01,6.002625005714079531e-01,8.851283061663390850e-01,-1.314122869915611558e-01,-4.464064207095992387e-01,2.289643962907813024e-01,-7.121580353223527782e-01,6.636311008060163941e-01
4.054815159517318746e-01,6.896849636753327184e-01,5.999328221573148046e-01,8.843539490841501038e-01,-1.299030757452248053e-01,-4.483785048942462437e-01,2.313067940220401575e-01,-7.123621563447103400e-01,6.625989173302053725e-01
4.054041207696327254e-01,6.907144113976866340e-01,5.987997167255076914e-01,8.849061281370845800e-01,-1.321993154139694260e-01,-4.466144706449987067e-01,2.293221385920587996e-01,-7.109408856519824349e-01,6.648115626701598391e-01
4.052969675411598471e-01,6.914399807715778667e-01,5.980343811960481260e-01,8.866206868407014996e-01,-1.378733729500598304e-01,-4.414687879086094946e-01,2.227961529471796931e-01,-7.091556148138251636e-01,6.689246506221481203e-01
4.047946099013647325e-01,6.918278681932121810e-01,5.979260193251644262e-01,8.876383001218401958e-01,-1.402346275865868352e-01,-4.386712862525439793e-01,2.196350881612770256e-01,-7.083138075859359839e-01,6.708591342685152892e-01
4.052771877448016480e-01,6.925275524765577284e-01,5.967880613370994958e-01,8.881810509107366247e-01,-1.436552620158984828e-01,-4.364602920063215818e-01,2.165290324570004754e-01,-7.069432471959627984e-01,6.733100499378150694e-01
4.060806135544107187e-01,6.927989781215410092e-01,5.959262632314691333e-01,8.883490346780960056e-01,-1.463303541900915217e-01,-4.352280092423938540e-01,2.143234188831643627e-01,-7.061281777102164092e-01,6.748692234513888888e-01
4.082529483779877566e-01,6.931194859346386794e-01,5.940664174638911055e-01,8.878195663777348479e-01,-1.500676582134116976e-01,-4.350357634898464609e-01,2.123816086612282383e-01,-7.050284222469650475e-01,6.766306053722550562e-01
4.089287711193009822e-01,6.936840820245742112e-01,5.929415270467927046e-01,8.888075335218524886e-01,-1.554548436154179480e-01,-4.311089884835480057e-01,2.068778105686064628e-01,-7.033037650562021792e-01,6.801215961518281006e-01
4.102079905491142764e-01,6.938696720490440395e-01,5.918397441032582362e-01,8.898201033261038395e-01,-1.622846874512561821e-01,-4.264784448662912730e-01,1.998739307823312328e-01,-7.015757681315684113e-01,6.839896588138009159e-01
4.114627097257411159e-01,6.941981740831539849e-01,5.905821988553034974e-01,8.906322107690834988e-01,-1.686208679263266896e-01,-4.223047099433618334e-01,1.935786755965780426e-01,-6.997541696906044439e-01,6.876564537288134549e-01
4.136920848649933147e-01,6.947445985481822683e-01,5.883781111735721936e-01,8.904863422497074632e-01,-1.742929049306359557e-01,-4.203047198849637067e-01,1.894543036903428013e-01,-6.978194079265532812e-01,6.907641715768428892e-01
4.147749149668957802e-01,6.945824418000675626e-01,5.878069423350318345e-01,8.905035210023761749e-01,-1.771047249805534629e-01,-4.190911541322877021e-01,1.869899703101072508e-01,-6.972726496375848404e-01,6.919867072934332564e-01
4.175762809862910707e-01,6.945090110413767448e-01,5.859072308309460908e-01,8.898835811209970803e-01,-1.822339885223953071e-01,-4.182080648176094151e-01,1.836770579275707471e-01,-6.960229931615401489e-01,6.941287570627823200e-01
4.197461847708592320e-01,6.947476533412475508e-01,5.840709191075493800e-01,8.892825409014605276e-01,-1.860195045565739835e-01,-4.178197055816885164e-01,1.816306769743199490e-01,-6.947822983506103389e-01,6.959079357792192777e-01
4.207237247737279362e-01,6.951243138949451117e-01,5.829182924257919618e-01,8.891504274407414643e-01,-1.884666883580089214e-01,-4.170033869902144974e-01,1.800085131166468400e-01,-6.937452670912040986e-01,6.973624879458942827e-01
4.227359923570998546e-01,6.952711890396524597e-01,5.812850027802595188e-01,8.888079653877214437e-01,-1.928311122378169873e-01,-4.157361697236181541e-01,1.769595474372507582e-01,-6.923973828983720491e-01,6.994792225122121732e-01
4.257723126288993631e-01,6.949522031144267364e-01,5.794474723260446547e-01,8.878685593644530805e-01,-1.974676781952107718e-01,-4.155670070641821479e-01,1.743770601046144009e-01,-6.914101181314865618e-01,7.011024814209936284e-01
4.306395202175614667e-01,6.948871474187748865e-01,5.759179246897832005e-01,8.858048878577322593e-01,-2.031663774870194894e-01,-4.172207134193517963e-01,1.729141529029341873e-01,-6.898226405468292910e-01,7.030259030184171642e-01
4.375157323272875765e-01,6.948149528892409998e-01,5.707995840990413017e-01,8.823699766581549753e-01,-2.094575184500280518e-01,-4.213677399339477159e-01,1.732143419535585871e-01,-6.880114310142505518e-01,7.047248133387372659e-01
4.425221333315002559e-01,6.957125776270977058e-01,5.658252122724803934e-01,8.790022520457714261e-01,-2.115789213967149140e-01,-4.273048103158506028e-01,1.775646429056198516e-01,-6.864534720955692837e-01,7.051612781752395476e-01
4.458037870740044761e-01,6.972193446911216785e-01,5.613770291158681758e-01,8.763681640397313899e-01,-2.122277474562721811e-01,-4.323635325362991111e-01,1.823124364603420922e-01,-6.847222565377291126e-01,7.056327705781346715e-01
4.476985569307376789e-01,6.993456741378762942e-01,5.572087850947565757e-01,8.750655015206302290e-01,-2.144888705593750167e-01,-4.338835010168181072e-01,1.839194665351727431e-01,-6.818432022619300703e-01,7.079996309028800949e-01
4.486317238844280131e-01,7.023449727688242383e-01,5.526672738192901502e-01,8.751940900812913426e-01,-2.200117746192491175e-01,-4.308481446120772662e-01,1.810107207081033120e-01,-6.769832776777050531e-01,7.133924310878860808e-01
4.485555770957752042e-01,7.065562591213888632e-01,5.473354976179285458e-01,8.765827523660869591e-01,-2.283218957732247312e-01,-4.236411100977064415e-01,1.743575995205610407e-01,-6.698114395909569030e-01,7.217700900442730605e-01
4.490615049726273122e-01,7.111273201195820182e-01,5.409636765359209232e-01,8.782154349851569730e-01,-2.397788065775566246e-01,-4.138161109358531320e-01,1.645643172305303326e-01,-6.609115360589374877e-01,7.321984205109055566e-01
4.462895569450607836e-01,7.172594882551073248e-01,5.351303185858591327e-01,8.812959930906003603e-01,-2.484423127055337410e-01,-4.019873005705262292e-01,1.553801915439478043e-01,-6.510109398201752162e-01,7.429951226691996480e-01
4.352380286803591014e-01,7.265934293565051716e-01,5.316294262043710361e-01,8.881474972051344174e-01,-2.497548398178405515e-01,-3.857674729624323007e-01,1.475190889298432506e-01,-6.400660187851862082e-01,7.540249399043711387e-01
4.055375487397262502e-01,7.422447286606135286e-01,5.334904491532219684e-01,9.036094343089602354e-01,-2.374520624735581009e-01,-3.565199969916057476e-01,1.379466809677396544e-01,-6.266492486252461802e-01,7.669950667425435853e-01
-3.436682584869937274e-01,-7.668786671854069814e-01,-5.420232817180926643e-01,9.309407411759137441e-01,-2.023319534376012696e-01,-3.039919687047087926e-01,1.234563263966540342e-01,-6.090639460960223239e-01,7.834536648957515226e-01
1.733136090948931285e-01,8.068511604395443015e-01,5.647597699906248270e-01,-9.795759227343606712e-01,8.186509400750813237e-02,1.836548882612932809e-01,1.019480480520780358e-01,-5.850549643242958231e-01,8.045603048981903038e-01
3.721578851638530638e-01,-7.678532513443336871e-01,-5.214402102929002192e-01,9.254995435440325213e-01,3.495727966218523663e-01,1.457719272074182171e-01,7.034986432223026831e-02,-5.368428487573553287e-01,8.407441063295842953e-01
