8.384698942344195327e-01,-5.290723882328849381e-01,1.305781163597976580e-01,-6.794372301609098719e-02,1.362517115226463682e-01,9.883416016792284653e-01,-5.406957434317698485e-01,-8.375666415973723744e-01,7.829581034809501849e-02
8.500772635292782597e-01,-5.003121100100952345e-01,1.644884148133846646e-01,-1.962141873950590809e-01,-1.102608212871457848e-02,9.804990658729807462e-01,-4.887418937388840479e-01,-8.657749234588264509e-01,-1.075413558329649105e-01
8.533296214419784365e-01,-4.828920471674901793e-01,1.965803346016083419e-01,-3.022404319379227711e-01,-1.509410878242874177e-01,9.412053491711566133e-01,-4.248285283166230997e-01,-8.625729295478795633e-01,-2.747520022484298274e-01
8.535635952169727814e-01,-4.697137416061647475e-01,2.253845377718115273e-01,3.851254251942911044e-01,2.775256787399271730e-01,-8.801465244542294730e-01,-3.508669203404509163e-01,-8.380623476724629040e-01,-4.177845205659583838e-01
8.444531236651621198e-01,-4.632159842451264997e-01,2.689421385204799342e-01,4.463197862235341873e-01,3.309193126050540279e-01,-8.314391480862429740e-01,-2.961377557109682312e-01,-8.221455835098900877e-01,-4.861883062740748884e-01
8.338844268925200698e-01,-4.573148014306631093e-01,3.090306376050221959e-01,4.950937637800748026e-01,3.722800858275380209e-01,-7.850412108687802037e-01,-2.439650131724071525e-01,-8.076327817075495963e-01,-5.368522722864391694e-01
8.162720938520953151e-01,-4.538191785315603966e-01,3.574185529533347450e-01,-5.410245993237234874e-01,-3.837346820695498040e-01,7.483582542496516332e-01,2.024654334075830786e-01,8.042361885503046537e-01,5.587592516470384352e-01
7.997816014161867049e-01,-4.468673368580015071e-01,4.008228702127633603e-01,-5.774295845175588804e-01,-3.901809182063087911e-01,7.171707788187979826e-01,1.640867604654308864e-01,8.050269773846833177e-01,5.700939402614633167e-01
7.741456310858039203e-01,-4.542072416636729892e-01,4.409017163620934654e-01,-6.177484928474507031e-01,-3.900784312068522053e-01,6.828071595200975175e-01,1.381497066788971717e-01,8.009585501931286711e-01,5.825633522777209361e-01
7.443760641594681093e-01,-4.608893474006931501e-01,4.832031504026255142e-01,-6.574309284254311603e-01,-3.790357402835344836e-01,6.512422605585329594e-01,1.169993566483792380e-01,8.024418465161674563e-01,5.851480440910565850e-01
7.158178792210181385e-01,-4.672094660263531596e-01,5.189605752298473984e-01,-6.913901136375845136e-01,-3.700126839763238640e-01,6.205403487774547866e-01,9.790032968142886594e-02,8.029980875145384944e-01,5.878857005373246958e-01
6.941073982000938170e-01,-4.693691977035837626e-01,5.458090105622941390e-01,-7.151840536563316419e-01,-3.632400393952399109e-01,5.971335220667498556e-01,8.201639567546102627e-02,8.048286960759029052e-01,5.878129641417988438e-01
6.675869325546232025e-01,-4.773029093144036672e-01,5.714102031310913654e-01,-7.413817789147629789e-01,-3.556401529823108310e-01,5.690985323121999784e-01,6.841597310197559956e-02,8.035558563950144784e-01,5.912843988114221405e-01
6.362165390821733491e-01,-4.844072133664470980e-01,6.004816125718211994e-01,-7.695119791828342048e-01,-3.424395964536431913e-01,5.390606985069339441e-01,5.549620971218705706e-02,8.050371261123422384e-01,5.906228883884891978e-01
5.932545900406720474e-01,-4.958653223110053854e-01,6.341660457049693722e-01,-8.037253535650010772e-01,-3.202704137781319238e-01,5.014503146825199931e-01,4.554720005103066877e-02,8.071830301658894369e-01,5.885414245231379571e-01
5.518987362019096565e-01,-5.037135474187758311e-01,6.645904356259786372e-01,-8.331464334145968209e-01,-2.989396394147590397e-01,4.652978749952669801e-01,3.570441803575632317e-02,8.104984602905591640e-01,5.846515546882271597e-01
5.100782760946651617e-01,-5.104813393622690265e-01,6.922636451664918589e-01,-8.595511822140979863e-01,-2.730555035404612640e-01,4.319866400024559017e-01,3.149472036136842512e-02,8.153830352350786015e-01,5.780645192711536540e-01
4.676990681598710564e-01,-5.173708144641019357e-01,7.166484647183304357e-01,-8.834015466434834707e-01,-2.467208081656942498e-01,3.984100277427363723e-01,2.931363215791445154e-02,8.194243608526772249e-01,5.724372697605318860e-01
4.254909186611831595e-01,-5.231150961270838451e-01,7.384497778053800143e-01,-9.044501687375783305e-01,-2.183572962710023935e-01,3.664559774867705011e-01,3.045275697583117031e-02,8.238147166500305874e-01,5.660405835480359915e-01
3.765010900983784548e-01,-5.290752631465850397e-01,7.604776755967952440e-01,-9.258082708289860907e-01,-1.851452793273522246e-01,3.295455525529661367e-01,3.355554826516307654e-02,8.281307816215797146e-01,5.595296540054474077e-01
3.237609270438099873e-01,-5.336178507305766594e-01,7.813007433129786072e-01,-9.454205988802444338e-01,-1.502889400111816209e-01,2.891247580599686229e-01,3.686127144650256510e-02,8.322651163493491877e-01,5.531509945533421568e-01
2.759608074933741495e-01,-5.352073371640888588e-01,7.983725565006164482e-01,9.603638276283888997e-01,1.195449748133837198e-01,-2.518140535788610523e-01,3.933130191787446994e-02,8.362189337981966730e-01,5.469834946749786431e-01
2.263281588863023663e-01,-5.362665396199843837e-01,8.131382188651230525e-01,9.731215452622764550e-01,8.802447934880180958e-02,-2.128054256397885480e-01,4.254436086599276690e-02,8.394461802399132422e-01,5.417749420553923390e-01
1.670675998018727459e-01,-5.348714301974619723e-01,8.282517553588170101e-01,9.848286424411707429e-01,5.055819277238982057e-02,-1.660012474985359254e-01,4.691441275260348209e-02,8.434194818132380034e-01,5.352033403987378479e-01
1.015023370810410608e-01,-5.320460759748620871e-01,8.406094507004057137e-01,9.934457019532779709e-01,9.563183867381030989e-03,-1.139042702662071693e-01,5.256341729420952597e-02,8.466613954551547305e-01,5.295295729308089339e-01
4.288137149014627225e-02,-5.267198515100933731e-01,8.489566455386925448e-01,9.973474586441057887e-01,-2.745553264494937640e-02,-6.741098177096624400e-02,5.881525920428731791e-02,8.495954282788762413e-01,5.241453744261843628e-01
-9.511985078024665433e-03,-5.187244461129724149e-01,8.548885723558747873e-01,9.976617514379332308e-01,-6.278690854739266136e-02,-2.699692265530828639e-02,-6.767977436184879902e-02,-8.526328360553865338e-01,-5.181087675599378439e-01
-4.853620077808842859e-02,-5.095316804085409101e-01,8.590818959063667437e-01,9.957051774785290466e-01,-9.257092697546787097e-02,1.350193080101952381e-03,7.883804130291438561e-02,8.554578248744650892e-01,5.118363733700145302e-01
-6.940599692536096599e-02,-5.031285976788675285e-01,8.614200031276804115e-01,9.935497788126843588e-01,-1.124847861579535979e-01,1.435304512167812074e-02,8.967521737950967520e-02,8.568598409779129010e-01,5.076904256604035659e-01
-6.175549420337734380e-02,-5.029762278917225826e-01,8.620911628775177471e-01,9.931088425787297780e-01,-1.171626094433972920e-01,2.783835546338153666e-03,9.960464711865479881e-02,8.563222741025879881e-01,5.067455743744982977e-01
-4.113468711547533380e-02,-5.065588757988791491e-01,8.612235731012519713e-01,9.932228996568744916e-01,-1.145067368451522793e-01,-1.991177576876615452e-02,1.087023877985322518e-01,8.545679098623182313e-01,5.078360742606287115e-01
-2.708467742894777458e-02,-5.095605397172405793e-01,8.600084165934916980e-01,9.928513834774579383e-01,-1.137564579270727294e-01,-3.613306805107435737e-02,1.162434969168910093e-01,8.528818937244246889e-01,5.089989437921967896e-01
-2.514496633792603214e-02,-5.113611528982651144e-01,8.589979638942236706e-01,9.921735619746162582e-01,-1.178947643715825278e-01,-4.113936621256236714e-02,1.223084362849387041e-01,8.512406215872959647e-01,5.103234764080591956e-01
-2.683363506488625413e-02,-5.128622637234855342e-01,8.580514288069374107e-01,9.913350167990651052e-01,-1.240670516153156711e-01,-4.315380830795365052e-02,1.285878707234919816e-01,8.494584540469913847e-01,5.117474908105497100e-01
-3.312334131710865243e-02,-5.131147569132806785e-01,8.576806459853314468e-01,9.905925018036862983e-01,-1.308587538468899969e-01,-4.003101187769717018e-02,1.327755234608531953e-01,8.482860559855169846e-01,5.126221099311188967e-01
-5.051284992818077385e-02,-5.140712235988247336e-01,8.562588563394483154e-01,9.895040730939803630e-01,-1.419848376566878456e-01,-2.686996847833275637e-02,1.353888522831763752e-01,8.459143472853569712e-01,5.158476284080730778e-01
-6.724408186698363488e-02,-5.149790018973630090e-01,8.545612096618133702e-01,9.884197267358534322e-01,-1.511593641201798288e-01,-1.331504555769152942e-02,1.360318979257692518e-01,8.437697993194457347e-01,5.191799769859528624e-01
-7.558845245005579860e-02,-5.172705430565284201e-01,8.524773141510628705e-01,9.875043721633236515e-01,-1.573913803999392180e-01,-7.941557411583977100e-03,-1.382805149488730012e-01,-8.412247848594369692e-01,-5.227038937330278356e-01
-8.056204505811655203e-02,-5.187585755078005789e-01,8.511165003882673608e-01,9.856972291197474423e-01,-1.682712180960653225e-01,-9.261191398446277923e-03,-1.480227327193568976e-01,-8.381970755720782318e-01,-5.248951639143856207e-01
-9.560719917258263256e-02,-5.164744171551320928e-01,8.509485530222380412e-01,9.805918338566969039e-01,-1.958669332715299860e-01,-8.706309457274186148e-03,-1.711692695548294729e-01,-8.336008162634396257e-01,-5.251768847588340616e-01
-1.173232737814991072e-01,-5.069716027993828034e-01,8.539408898654617941e-01,9.718359158914965379e-01,-2.355733761097749124e-01,-6.335380933983336682e-03,2.043775966502384134e-01,8.291471391877727193e-01,5.203314516384772714e-01
