-4.573440701543997067e-01,7.686846746530571206e-01,-4.471691765407488917e-01,8.247311254847307094e-01,1.785285705719996951e-01,-5.366061126619863231e-01,3.326484212367424309e-01,6.142079618850949663e-01,7.156071599737249267e-01
-4.600740949766159438e-01,7.669753941020942545e-01,-4.473036686339438850e-01,8.290348704611715247e-01,1.907309190235596807e-01,-5.256642465375189754e-01,3.178569028523320905e-01,6.126748414700620149e-01,7.235997014501581726e-01
-4.618372725400460288e-01,7.661182715018692857e-01,-4.469553979579605207e-01,8.257064388823667223e-01,1.873398769450825840e-01,-5.320833086034575388e-01,3.239061754288919959e-01,6.147898539966231146e-01,7.191093275308275690e-01
-4.646146132595699862e-01,7.646310088077457046e-01,-4.466236463906816945e-01,8.258328662498022332e-01,1.921242161520561320e-01,-5.301776707761218788e-01,3.195830692751044366e-01,6.151647795002626040e-01,7.207211360124645694e-01
-4.675249400762134244e-01,7.624320035701924736e-01,-4.473453591339414670e-01,8.251433486246569915e-01,1.948624480252228452e-01,-5.302519029386930649e-01,3.171102089608929253e-01,6.170300367741907710e-01,7.202187508606114896e-01
-4.700292578124867782e-01,7.614596377922214776e-01,-4.463762054742410612e-01,8.233486483230637587e-01,1.960071220672536252e-01,-5.326145054384995303e-01,3.180715329997759189e-01,6.178676461122170060e-01,7.190758456400277998e-01
-4.736137348968003646e-01,7.591498893952377536e-01,-4.465215286504122250e-01,8.208951625432238108e-01,1.968122632858513577e-01,-5.360933362143519565e-01,3.190942842331037643e-01,6.204485300582945895e-01,7.163954629380788752e-01
-4.749485279398408255e-01,7.588973879291892599e-01,-4.455318736095458254e-01,8.197477920244679028e-01,1.974000639834599946e-01,-5.376307024439139770e-01,3.200585153980262665e-01,6.205706803689489126e-01,7.158593279322635894e-01
-4.794741115810188803e-01,7.563492900831250143e-01,-4.450172218177009809e-01,8.164586721634317090e-01,1.985710147334326381e-01,-5.421851978400556993e-01,3.217138681697110369e-01,6.233019360618792248e-01,7.127375979480768953e-01
-4.831167051283585812e-01,7.537397543060849747e-01,-4.455049180475129655e-01,8.126395552201096661e-01,1.966153457487533063e-01,-5.485976295134353808e-01,3.259067389876756926e-01,6.270715976622611709e-01,7.075068967068225412e-01
-4.876038659220461313e-01,7.502261922179352949e-01,-4.465457764306502431e-01,8.114489767667302234e-01,2.006912846426464891e-01,-5.488839279599198040e-01,3.221692537193792671e-01,6.299870385798910233e-01,7.066281222674605234e-01
-4.928527378763905564e-01,7.466382357086501775e-01,-4.467969603137647572e-01,8.089208347879841554e-01,2.040089638489893387e-01,-5.513868204039452658e-01,3.205358978549148752e-01,6.331758741827867576e-01,7.045176012983693781e-01
-4.982154784814264437e-01,7.433538593881551249e-01,-4.463254157386264964e-01,8.036518504515126615e-01,2.026801381613326791e-01,-5.595216393141214661e-01,3.254612730685206290e-01,6.374525875134852138e-01,6.983760866502947140e-01
-5.031927790695558400e-01,7.407939764384364745e-01,-4.449958556714728175e-01,7.979881702692152023e-01,2.006748659202164109e-01,-5.682820411541201766e-01,3.316804293331873654e-01,6.410568482283237612e-01,6.921229732763682918e-01
-5.080032688193756307e-01,7.380865996969636633e-01,-4.440279835963080179e-01,7.912863134322598579e-01,1.962360670054337231e-01,-5.791004888454355237e-01,3.402920055534842114e-01,6.455382075090624339e-01,6.837263879669809308e-01
-5.123510497607904890e-01,7.361487332602248967e-01,-4.422459093404733643e-01,7.828239990234425738e-01,1.886055321395173900e-01,-5.929709434696738279e-01,3.531047838276361595e-01,6.500099966660018991e-01,6.729071376291848594e-01
-5.159714914298810795e-01,7.338014652963528173e-01,-4.419375855938820208e-01,7.753111544157401669e-01,1.806829339799517764e-01,-6.051828576611613109e-01,3.642334881228755927e-01,6.548962413217245260e-01,6.621517040924391750e-01
-5.191790501758808407e-01,7.310608552342613420e-01,-4.427224184549732322e-01,7.695576174549435544e-01,1.745261429637448847e-01,-6.142651698080149325e-01,3.717985842839385824e-01,6.596140169571511613e-01,6.532037671034285342e-01
-5.211225592708879084e-01,7.278628268206961405e-01,-4.456983100164779721e-01,7.640437371076679307e-01,1.651267105757224241e-01,-6.236748650065919719e-01,3.803530544185347861e-01,6.655440442127226186e-01,6.421702883250399729e-01
-5.224660737071553651e-01,7.235998884131091824e-01,-4.510348138598236356e-01,7.579594071433685132e-01,1.518525427722351440e-01,-6.343802821466635322e-01,3.905467180093860069e-01,6.733082553646161372e-01,6.277971442352650033e-01
-5.227643411397840945e-01,7.208768262593275855e-01,-4.550319164574795350e-01,7.533113797894017694e-01,1.407765560297440655e-01,-6.424203657669891321e-01,3.990481283159653669e-01,6.786151800797590727e-01,6.166376802084360120e-01
-5.218448904810746303e-01,7.191512042388588100e-01,-4.588021967259905409e-01,7.519921130832915024e-01,1.339074235887418030e-01,-6.454275046574565744e-01,4.027229471228591096e-01,6.818286788846776858e-01,6.106749384992430363e-01
-5.225332183461542934e-01,7.175915740689484679e-01,-4.604577815066854263e-01,7.515334858437369148e-01,1.325782076117558439e-01,-6.462355905720565952e-01,4.026865473049371369e-01,6.837290045710380237e-01,6.085706145780666043e-01
-5.242288501434309023e-01,7.162214899396189827e-01,-4.606635323378320823e-01,7.501077470148331816e-01,1.322783805298377857e-01,-6.479512311221690135e-01,4.031407701357272444e-01,6.852220132140209863e-01,6.065874315062065314e-01
-5.261787007311513609e-01,7.152608222491632084e-01,-4.599325288043104587e-01,7.488319311836910686e-01,1.334279597052981936e-01,-6.491900479894807674e-01,4.029723486004724853e-01,6.860021397374292951e-01,6.058170933038180550e-01
-5.245520061893889086e-01,7.150391207511016534e-01,-4.621301208514534409e-01,7.500130498536924373e-01,1.312289509780884822e-01,-6.482741607332140887e-01,4.028965349216222513e-01,6.866571329424038250e-01,6.051250812249217015e-01
-5.161437331393365913e-01,7.165389264743790010e-01,-4.692202186478476311e-01,7.553807953765596661e-01,1.225892604919568835e-01,-6.437171173646941691e-01,4.037270126177656682e-01,6.866904980112801260e-01,6.045334227515918313e-01
-5.111201071657106576e-01,7.177187750748461603e-01,-4.729016768377700686e-01,7.582211035066317439e-01,1.173853228830824963e-01,-6.413434681735051823e-01,4.047925323521890384e-01,6.863675734449410371e-01,6.041875204563605939e-01
-4.975501522209584970e-01,7.210964528749521651e-01,-4.821449488235494130e-01,7.646989747421247818e-01,1.022375767949716963e-01,-6.362255542804263753e-01,4.094866591883604690e-01,6.852498694215521935e-01,6.022900401006987536e-01
-4.874880553736977706e-01,7.252622051639970868e-01,-4.861585437165809598e-01,7.673079592596180332e-01,9.015588701084760459e-02,-6.349097665764228404e-01,4.166460026507047831e-01,6.825442475019061206e-01,6.004493806119260979e-01
-4.807662575654582660e-01,7.293566581679727934e-01,-4.867264845604256096e-01,7.684556795920878258e-01,8.312664713649201009e-02,-6.344807554516584958e-01,4.223028227340728802e-01,6.790646697641485874e-01,6.004427534652591048e-01
-4.760379748533608568e-01,7.342435549270462936e-01,-4.840188514361856709e-01,7.691262352109721201e-01,8.073110025896748643e-02,-6.339773842663265491e-01,4.264184339445326044e-01,6.740689070852253773e-01,6.031570506039222179e-01
-4.753999284715255125e-01,7.361178531911365397e-01,-4.817939541158030026e-01,7.681857261123886671e-01,8.039401447170427262e-02,-6.351594230067796332e-01,4.288188407783061207e-01,6.720619827444457295e-01,6.036945362873129550e-01
-4.770427868879826838e-01,7.419201779686156462e-01,-4.711524477291443858e-01,7.639324306516040997e-01,8.497274513948151198e-02,-6.396771638742413391e-01,4.345542784013051163e-01,6.650820115643467645e-01,6.073125200558958658e-01
-4.797026586225604516e-01,7.451305917138305590e-01,-4.633203649772411614e-01,7.604806357439072295e-01,8.968332338495772771e-02,-6.431377023353334055e-01,4.376694665715099020e-01,6.608610313816560833e-01,6.096787147606387292e-01
-4.840792216465822917e-01,7.481344547583493876e-01,-4.538305242857365029e-01,7.558000594807290362e-01,9.612912497484003838e-02,-6.477078519058560024e-01,4.409462294418284301e-01,6.565470500542964771e-01,6.119741774013308655e-01
-4.884882489192662880e-01,7.514660343151847721e-01,-4.434839680737046597e-01,7.493141129760272356e-01,1.008350766508157026e-01,-6.544926641390061972e-01,4.471102668947992131e-01,6.520207715920054437e-01,6.123408549572924020e-01
