6.836780923584930836e-01,6.237615021740802179e-01,-3.788216657407380006e-01,7.293366354853842992e-01,-5.658290890191159939e-01,3.845848595026302164e-01,-2.554091164998235908e-02,5.392207622350358998e-01,8.417770675224856003e-01
6.903957242545915030e-01,6.188132735620562874e-01,-3.747317392407397696e-01,7.229599887080917497e-01,-5.714621764551399696e-01,3.882780390497898582e-01,-2.612658910332325141e-02,5.389815519519810527e-01,8.419122804646929081e-01
6.906872756866717644e-01,6.195424826149991127e-01,-3.729855217562298986e-01,7.226395563487859608e-01,-5.718638767089392339e-01,3.882831159288966938e-01,-2.726093917225210633e-02,5.377162995025044356e-01,8.426850078438444802e-01
6.938928411407466745e-01,6.177834691798488320e-01,-3.699409550478737208e-01,7.194576674603072597e-01,-5.734796531239724215e-01,3.917929966007325793e-01,-2.988962606316358100e-02,5.380192121671112382e-01,8.424024795742741656e-01
6.989082508428060558e-01,6.137019340358382813e-01,-3.672835322533816171e-01,7.145729670692355651e-01,-5.774852204012432821e-01,3.948370486061265616e-01,-3.021144878549095539e-02,5.384057544072121670e-01,8.421439971783226675e-01
6.998729057161083844e-01,6.131878678609770095e-01,-3.663039100973403128e-01,7.135818048484543485e-01,-5.777893284148800657e-01,3.961824071802081959e-01,-3.128775533197442754e-02,5.386651377971209964e-01,8.419388016288924526e-01
7.024642996062637756e-01,6.109135093765782898e-01,-3.651418790550798321e-01,7.110672590969766560e-01,-5.804669350099740388e-01,3.967889746457673450e-01,-3.045095760389503886e-02,5.383705242872419694e-01,8.421578936040949870e-01
7.069004505357151524e-01,6.081538697465754817e-01,-3.611656458533507585e-01,7.065983097657212442e-01,-5.842356631041033532e-01,3.992336641536307629e-01,-3.178964719258109417e-02,5.374174919646487192e-01,8.427169499077362680e-01
7.084236801524881333e-01,6.073177167832055634e-01,-3.595845940532489404e-01,7.050435680421826001e-01,-5.855588034620249349e-01,4.000430662447111985e-01,-3.239531696949228545e-02,5.369227864128665040e-01,8.430091724703173695e-01
7.176170367996611565e-01,6.006928291945660137e-01,-3.524115682679871964e-01,6.956186877633764309e-01,-5.936952737935957680e-01,4.045251081323709141e-01,-3.377024917337846655e-02,5.354381820802253111e-01,8.438990007349173039e-01
7.228263960645542330e-01,5.968471367331239508e-01,-3.482750300061719928e-01,6.901272793568870023e-01,-5.977467164101701869e-01,4.079499985394303141e-01,-3.530353296469829205e-02,5.352311261448939872e-01,8.439675954477631192e-01
7.358275717111069092e-01,5.858133910211033024e-01,-3.396769871658834594e-01,6.762020419276462135e-01,-6.088534022890363939e-01,4.147870935961562311e-01,-3.617434453611447637e-02,5.349020521753684587e-01,8.441393317314159761e-01
-7.478514804459500676e-01,-5.753932901792022658e-01,3.311204083283800781e-01,-6.628195233371110273e-01,6.191686648051371034e-01,-4.210705926642094310e-01,-3.726181259635131388e-02,5.343713373115891452e-01,8.444281089482150726e-01
7.700303849686782609e-01,5.547485901772006844e-01,-3.151304617478241088e-01,6.368331607814117223e-01,-6.383599344594576008e-01,4.323657241341796742e-01,-3.868761499686102640e-02,5.336202730156764940e-01,8.448388442019750810e-01
8.458135096905537997e-01,4.683590079066130563e-01,-2.554199415427094721e-01,5.319962304659314745e-01,-7.048365097211495289e-01,4.692392836646861465e-01,-3.974314525785879737e-02,5.327713714876594064e-01,8.453254687563669378e-01
9.745609349420771839e-01,-1.649587385889356439e-01,1.517221099509641347e-01,-2.201913052474061272e-01,-8.309533988995380094e-01,5.109131412977646614e-01,-4.179441563497315187e-02,5.313238780823362761e-01,8.461372012866934522e-01
-7.891486171651378445e-01,5.012238538541591293e-01,-3.549917018099646993e-01,6.126014685248484248e-01,6.840133235758594221e-01,-3.960368845598923881e-01,-4.431592024938037222e-02,5.300003976397479333e-01,8.468386373531614497e-01
-7.591188853468100461e-01,5.322620501554038430e-01,-3.747474187692061420e-01,6.492508050444619760e-01,6.606777892126368679e-01,-3.768000145836256642e-01,-4.703094788471470084e-02,5.293410703936251016e-01,8.471045514785036090e-01
-7.484858244939950334e-01,5.418293495711107299e-01,-3.823479128684915129e-01,6.612904637664627217e-01,6.529934033732103238e-01,-3.691809010263247814e-01,-4.963761741946978723e-02,5.291696997130681535e-01,8.470628877730974615e-01
-7.538339415926312848e-01,5.353991718261813526e-01,-3.808964627175695505e-01,-6.549635912117869330e-01,-6.586103682801778270e-01,3.704795230249677274e-01,5.250792978090907531e-02,-5.287533542226352523e-01,-8.471498142055131630e-01
-7.505487214448761657e-01,5.377969453078323969e-01,-3.839935707209511939e-01,-6.585105633927914592e-01,-6.571833034184018096e-01,3.667068905927260425e-01,5.514031771372095159e-02,-5.280952104740599395e-01,-8.473930575811843280e-01
-7.439768826885032604e-01,5.437368393248238618e-01,-3.883923886820480620e-01,6.657035507640407523e-01,6.533780823857082698e-01,-3.604661758863409449e-01,-5.776833497033617010e-02,5.267326940859328177e-01,8.480657335700633181e-01
7.372096037674565894e-01,-5.501744171534342920e-01,3.922118188210399481e-01,-6.729847323376724200e-01,-6.495534350227974985e-01,3.537963893123777792e-01,-6.011281189081866400e-02,5.247746618882841441e-01,8.491160133259861853e-01
7.325209612340140009e-01,-5.552021717957181801e-01,3.939080981474153420e-01,-6.778319827961037936e-01,-6.483429289321892552e-01,3.466918654977822478e-01,-6.290345341472586282e-02,5.209625657731540294e-01,8.512585744716781866e-01
7.297529303355200225e-01,-5.588906156178747864e-01,3.938298369105559527e-01,-6.805861440642928528e-01,-6.488091442136850739e-01,3.403662657967203575e-01,-6.529288762506671451e-02,5.164184099729394184e-01,8.538435832555056892e-01
7.262279834486013996e-01,-5.636506965131453661e-01,3.935616957688129469e-01,-6.842565084955732901e-01,-6.478239681191817478e-01,3.348389716143636008e-01,-6.622647988248527018e-02,5.124665829598679112e-01,8.561495516040474874e-01
7.290312245818794112e-01,-5.624670541938994184e-01,3.900567734716094970e-01,-6.812111785392644947e-01,-6.518447297460789880e-01,3.332413217705866293e-01,-6.681918749724562179e-02,5.086543632455127195e-01,8.583740064409625115e-01
7.273108220395599899e-01,-5.659906038828369512e-01,3.881669801264417963e-01,-6.830616245647949114e-01,-6.519159219255129534e-01,3.292908255431845066e-01,-6.667672150790669716e-02,5.046387490634763884e-01,8.607519664529420522e-01
7.229996941645118191e-01,-5.724357592774460546e-01,3.867670406568743946e-01,-6.878637204511182102e-01,-6.484717127790549096e-01,3.260796525583055661e-01,-6.414783180411023911e-02,5.017985046070315702e-01,8.626026411094384061e-01
7.195688785055880388e-01,-5.762488553009204040e-01,3.875021107692044886e-01,-6.916367956630851133e-01,-6.446431135250717537e-01,3.256897282224308077e-01,-6.212223411235362480e-02,5.023669106828988484e-01,8.624200340204360993e-01
7.170815309558098427e-01,-5.784093223156776542e-01,3.888916736321190726e-01,-6.944730486526575763e-01,-6.403032890690212309e-01,3.282055494693489894e-01,-5.917146826939144455e-02,5.054249240646054853e-01,8.608393482393404961e-01
7.126487829879355473e-01,-5.828846985476190401e-01,3.903551463793782927e-01,-6.993534376576846512e-01,-6.340093582532841943e-01,3.300559087240189649e-01,-5.510427698639618066e-02,5.082101551979359977e-01,8.594684152495054574e-01
7.125369065157152182e-01,-5.838205514835017595e-01,3.891589913114102961e-01,-6.998136284551330633e-01,-6.312879740015439056e-01,3.342699198394709081e-01,-5.051774224443882771e-02,5.105184203792504372e-01,8.583815586159799782e-01
7.155021259665543809e-01,-5.822665182084620916e-01,3.860342076950381562e-01,-6.971766998831410156e-01,-6.305059511020656426e-01,3.411845464919724402e-01,-4.473652732827830547e-02,5.132523233247705541e-01,8.570709980651145532e-01
7.130560514417967344e-01,-5.867315813716327266e-01,3.837930678417436070e-01,-7.001868733940044276e-01,-6.239846340880150777e-01,3.469603993956290600e-01,-3.590835319201636511e-02,5.161290806021193722e-01,8.557577708252777082e-01
7.053317570510727608e-01,-5.964545079464677046e-01,3.830784938437340470e-01,-7.083638542409138594e-01,-6.136068577584715689e-01,3.488656963886419549e-01,-2.697707360341239022e-02,5.174250129845985313e-01,8.553032172496979335e-01
6.928292645780169678e-01,-6.096100584260026878e-01,3.851794215818514777e-01,-7.208679428836832770e-01,-5.991177953130542022e-01,3.484354692936297848e-01,-1.835807906429492986e-02,5.190697872204382834e-01,8.545346903011007411e-01
6.789904563348119204e-01,-6.218193697643517037e-01,3.902725093983798743e-01,-7.340819867779178054e-01,-5.821307760565738176e-01,3.496389512854028991e-01,-9.777366436267306143e-03,5.238935301696669988e-01,8.517276396547991402e-01
