-7.577668362723374851e-02,-8.957702809386912657e-01,4.380108423378076821e-01,-3.571806608199297739e-01,4.345088928874592527e-01,8.268155764969313815e-01,-9.309564274200465839e-01,-9.379565975423542756e-02,-3.528774637980885975e-01
-7.558878302576872710e-02,-8.948759870612104095e-01,4.398673705356054842e-01,-3.572694948969386552e-01,4.361477154288357916e-01,8.259138443822658937e-01,-9.309376154698928429e-01,-9.472137091191071279e-02,-3.526797669214930542e-01
-7.482756526331635349e-02,-8.946270510639984241e-01,4.405034335635735210e-01,-3.560612815330054248e-01,4.365924273740285355e-01,8.262005907482318223e-01,-9.314618614145386832e-01,-9.502363844953132244e-02,-3.512112026487403948e-01
-7.543926511184118056e-02,-8.943386084501372402e-01,4.409845470250148836e-01,-3.595165781401894467e-01,4.368951499021708207e-01,8.245425750283174038e-01,-9.300842689357528004e-01,-9.633836944557344628e-02,-3.544886052481994176e-01
-7.403624430323826888e-02,-8.947621429511893876e-01,4.403627391944805458e-01,-3.625542013417636378e-01,4.355091147748641478e-01,8.239455455534971939e-01,-9.290172687409566921e-01,-9.865352750616258881e-02,-3.566432333462722370e-01
-7.413398606369371591e-02,-8.942123892222120229e-01,4.414616122289806710e-01,-3.625395363898292200e-01,4.365570982749102935e-01,8.233972215765835712e-01,-9.290151972193754215e-01,-9.900557008215880861e-02,-3.565510628621811340e-01
-7.562342518695282234e-02,-8.927436425114100293e-01,4.441732615978279397e-01,-3.609453818669272063e-01,4.397491894218440445e-01,8.223983716616718453e-01,-9.295157496631949456e-01,-9.812970578927819598e-02,-3.554870348828185200e-01
-7.581918538231018079e-02,-8.926273444780187249e-01,4.443735759674329322e-01,-3.624319634650525757e-01,4.398452612166272035e-01,8.216928976473776292e-01,-9.289211608025891298e-01,-9.875510151580912943e-02,-3.568653905014781968e-01
-7.643724714133763587e-02,-8.934007516739579380e-01,4.427103388874735201e-01,-3.649680796376121306e-01,4.382646901753466384e-01,8.214148538900069019e-01,-9.278769574114277274e-01,-9.878845202712140117e-02,-3.595625031214984557e-01
-7.696756163336861134e-02,-8.940283941990319061e-01,4.413493228975370886e-01,-3.645324291521153670e-01,4.372482681784633507e-01,8.221496579524877335e-01,-9.280043655892312726e-01,-9.760728631016946100e-02,-3.595562752984474142e-01
-7.850189404357123257e-02,-8.941195191857065350e-01,4.408942481397240543e-01,-3.652440861450630960e-01,4.373031216062480131e-01,8.218045615409352855e-01,-9.275959304393426308e-01,-9.652080213379826690e-02,-3.609009900067032262e-01
-7.958060188593475692e-02,-8.942810499291409254e-01,4.403729459686476777e-01,-3.673540807159219601e-01,4.369916883603955360e-01,8.210293805250156174e-01,-9.266703336056634210e-01,-9.643478647025811867e-02,-3.632938545772601002e-01
-7.939567971581841521e-02,-8.936238738328212694e-01,4.417382688408205693e-01,-3.718783139852624986e-01,4.376986793936524789e-01,8.186124758666528667e-01,-9.248799087611003777e-01,-9.927858869401118280e-02,-3.670707236991036515e-01
-7.982047961993928020e-02,-8.933431452049332977e-01,4.422292572281943945e-01,-3.794493006056376960e-01,4.374752517043817845e-01,8.152506561886838643e-01,-9.217629409469310087e-01,-1.027298839751380338e-01,-3.738979160617501019e-01
-7.833681648973445100e-02,-8.933090675826519389e-01,4.425632756531743817e-01,-3.832560864666477163e-01,4.367975903850506714e-01,8.138320694222380691e-01,-9.203141395026608329e-01,-1.058620555649051054e-01,-3.765834699280491416e-01
-7.647777713746771455e-02,-8.931395630237887184e-01,4.432300424901122748e-01,-3.895306522098795909e-01,4.359679948640751146e-01,8.112938915357021941e-01,-9.178327846579994453e-01,-1.106057341003297556e-01,-3.812470996493867448e-01
-7.544042863676439503e-02,-8.931093003437079458e-01,4.434687355007950749e-01,-3.965912483817803369e-01,4.349214106468225483e-01,8.084298041685246128e-01,-9.148902247997204862e-01,-1.148875284813409559e-01,-3.870099900071919952e-01
-7.500504376681391139e-02,-8.936082072741723392e-01,4.425365694513598847e-01,-4.047083426058802891e-01,4.328730200841813813e-01,8.055011520217719712e-01,-9.113645817315593201e-01,-1.186815924035399122e-01,-3.941183563218291219e-01
-7.443917676262054584e-02,-8.939810299092432189e-01,4.418786339316626011e-01,-4.109400264502854894e-01,4.312354571356311617e-01,8.032211869529226611e-01,-9.086182386590874183e-01,-1.217944936006229439e-01,-3.994734004969864860e-01
-7.403390987693532488e-02,-8.947067923392600930e-01,4.404755792666890102e-01,-4.144948802770546115e-01,4.293356596175116335e-01,8.024119176613129234e-01,-9.070352663554177575e-01,-1.231691808967960572e-01,-4.026367823048067063e-01
-7.328819742376770086e-02,-8.952953957011782204e-01,4.394029978899153810e-01,-4.179537957960381966e-01,4.276032112307252553e-01,8.015423372005097136e-01,-9.055072968773131281e-01,-1.249065577999895205e-01,-4.055303775557379531e-01
-7.235349309920578731e-02,-8.959245731904166288e-01,4.382740366367967599e-01,-4.210957554825704441e-01,4.257806118652247562e-01,8.008678013718857347e-01,-9.041257306099113045e-01,-1.266097536260310519e-01,-4.080767495653841448e-01
-7.256464325912111157e-02,-8.956107390991204786e-01,4.388801391712826017e-01,-4.246048945911968797e-01,4.259120740957660356e-01,7.989427943405217336e-01,-9.024660968911107917e-01,-1.283756563752269098e-01,-4.111868611864376022e-01
-7.446352434574934898e-02,-8.943949724569700832e-01,4.410360719779118921e-01,-4.273758114608073311e-01,4.282120054671636478e-01,7.962313697362128906e-01,-9.010022748696178141e-01,-1.291979551598453901e-01,-4.141289522145102930e-01
-7.706320487316647982e-02,-8.924610166842025238e-01,4.444936401723600938e-01,-4.293193774522742201e-01,4.320743870945151777e-01,7.930930564321506671e-01,-8.998589526135012395e-01,-1.297114401889761237e-01,-4.164478450963982614e-01
-7.986524975528211390e-02,-8.900373836264885430e-01,4.488373843931015572e-01,-4.319988344320154772e-01,4.366977839092266445e-01,7.890957182611942899e-01,-8.983309796121393687e-01,-1.308759002875801991e-01,-4.193720899070523256e-01
-8.352059636948683252e-02,-8.877460061817916692e-01,4.526934266038812882e-01,-4.362901506337590884e-01,4.410028087639156213e-01,7.843260974379910877e-01,-8.959214331860005931e-01,-1.319982998777466943e-01,-4.241476563501527797e-01
-8.760502347257421996e-02,-8.856168341867386440e-01,4.560791410132993273e-01,-4.452604345517156004e-01,4.443701833911932186e-01,7.773533852346015127e-01,-8.911052156087899689e-01,-1.349739349575924396e-01,-4.332591967827995050e-01
-9.106942421342900662e-02,-8.846769098327895708e-01,4.572232771656988271e-01,-4.545337749538405636e-01,4.454428253390069758e-01,7.713492962207291193e-01,-8.860617401737004295e-01,-1.375770858926357587e-01,-4.426817570644226429e-01
-9.413900167313121736e-02,-8.847237956246535306e-01,4.565102997956264619e-01,-4.633130385342013047e-01,4.447977482527236681e-01,7.664828709589748268e-01,-8.811803882793760589e-01,-1.393512418488372928e-01,-4.517768859813380278e-01
-9.695769373843383943e-02,-8.845648944977696493e-01,4.562281808997266652e-01,-4.717447832155323706e-01,4.444706834607546897e-01,7.615134083211270166e-01,-8.763880790687732514e-01,-1.413886804736475267e-01,-4.603837267976207959e-01
-1.004289133014462793e-01,-8.844783860812328591e-01,4.556446180174068550e-01,-4.742036394742591976e-01,4.451499337144017576e-01,7.595870225480622073e-01,-8.746684752993315604e-01,-1.397838369383297974e-01,-4.641287938151878456e-01
-1.047610470838457042e-01,-8.841201323137251045e-01,4.553643756942974408e-01,-4.740431424582146613e-01,4.469123693302111677e-01,7.586517206386585999e-01,-8.742472316811971123e-01,-1.363852109915808242e-01,-4.659300935983262670e-01
-1.087701424529462502e-01,-8.838590565488587680e-01,4.549310104480971950e-01,-4.693275191632115817e-01,4.490889052963304429e-01,7.602965440509702466e-01,-8.762994555897378746e-01,-1.308140791211117593e-01,-4.636668425031323926e-01
-1.122791791053026067e-01,-8.838169069654647769e-01,4.541597306030530357e-01,-4.618835860509699076e-01,4.510934540427087858e-01,7.636610823241648527e-01,-8.798050573144801101e-01,-1.240256855728563840e-01,-4.588689251213763365e-01
-1.156117756251566070e-01,-8.836077800062062115e-01,4.537303256884011593e-01,-4.527288723178476415e-01,4.534623926013830464e-01,7.677293967707882194e-01,-8.841213070086075820e-01,-1.166582599250183677e-01,-4.524603462013644939e-01
-1.185220685164441179e-01,-8.834509999878561448e-01,4.532845131868510347e-01,-4.423757185632527511e-01,4.556749795214986021e-01,7.724403126868297775e-01,-8.889635779379425617e-01,-1.089708385694954373e-01,-4.448248120791282734e-01
-1.198571213907763111e-01,-8.839177580080712637e-01,4.520217555935792664e-01,-4.317546384235701473e-01,4.564022562539055694e-01,7.780005865589540992e-01,-8.939922833289163373e-01,-1.019135789006016951e-01,-4.363386526357962425e-01
-1.198003937731388913e-01,-8.843693102248840754e-01,4.511527333222778990e-01,-4.269552298161415904e-01,4.561507530337209348e-01,7.807917278246579995e-01,-8.963019008037671487e-01,-9.908286248959025100e-02,-4.322331419227617988e-01
-1.183195741808703016e-01,-8.856277609686378227e-01,4.490700918201243064e-01,-4.106010426660089419e-01,4.554080530415370309e-01,7.899432188369632790e-01,-9.041057803859255948e-01,-9.092290265160762885e-02,-4.175233689820996852e-01
