-9.740013669038151134e-01,2.096285608968027347e-01,8.589064981611890803e-02,-5.112907217201520527e-02,-5.727688669499227947e-01,8.181207997794275322e-01,-2.206969760742735764e-01,-7.924592680442552606e-01,-5.685957731485823397e-01
-9.742130321324979914e-01,2.084790074133041626e-01,8.628714557318370448e-02,-4.991572832712416752e-02,-5.720920154153281700e-01,8.186691309458301591e-01,-2.200395148348975871e-01,-7.932510506554599772e-01,-5.677458784925096813e-01
9.735466347536593235e-01,-2.084403671643602629e-01,-9.359253867810400640e-02,-4.256711209273961183e-02,-5.679017884236895464e-01,8.219948902963200021e-01,2.244882868390016828e-01,7.962663951477305657e-01,5.617515794642046201e-01
9.709486611267087453e-01,-2.294808718468893671e-01,-6.780285327804048967e-02,-7.230902895748590742e-02,-5.514861463880964543e-01,8.310441833460074923e-01,2.281010780059518628e-01,8.019984786758630468e-01,5.520582744730162528e-01
9.688362829588276215e-01,-2.398733412664622033e-01,-6.178217357932097586e-02,-8.126322786063756853e-02,-5.434161976585183407e-01,8.355208698291313185e-01,2.339926165933278734e-01,8.044623150104804887e-01,5.459742110281274874e-01
9.677438019485478105e-01,-2.472094474934060371e-01,-4.857389072510848171e-02,-9.398069906682376962e-02,-5.331129518756859698e-01,8.408080689106780525e-01,2.337510684319559773e-01,8.091217891098949622e-01,5.391496716075430129e-01
9.653884716487943773e-01,-2.564910866343826923e-01,-4.730138776736939055e-02,-9.801173383167734177e-02,-5.248322945504796389e-01,8.455440630908522825e-01,2.416998114167940304e-01,8.116423997512651756e-01,5.318061828214240006e-01
9.636231290273240546e-01,-2.650683138491599089e-01,-3.419435913645482716e-02,-1.113810037431248873e-01,-5.145860589567275989e-01,8.501737821954741259e-01,2.429500714318966192e-01,8.154385181732257681e-01,5.253906031427378887e-01
-9.599764505496277689e-01,2.794974317480893311e-01,1.806654467130355823e-02,-1.301697543879709595e-01,-5.023425162761824270e-01,8.548145011544251437e-01,2.479940512042843048e-01,8.182500730140729317e-01,5.186190977776956590e-01
-9.557146764426414087e-01,2.942943459040868737e-01,5.433240494238100737e-04,-1.499574446530010374e-01,-4.885705154533070971e-01,8.595415151246807994e-01,2.532236600819111061e-01,8.213949655303320885e-01,5.110656401834751117e-01
-9.511118117965777774e-01,3.083921605343734051e-01,-1.675102331119790455e-02,-1.689864699895915756e-01,-4.742393944103168169e-01,8.640257922943000990e-01,2.585147856922071496e-01,8.246158330460779950e-01,5.031687922240755118e-01
9.458862671210177542e-01,-3.230895850953613424e-01,3.020413340544078618e-02,-1.851962726062887643e-01,-4.610564959541954000e-01,8.678301954594438428e-01,-2.664610858729722365e-01,-8.264623570020269705e-01,-4.959419947675838269e-01
9.392501448242502882e-01,-3.400992851061086508e-01,4.627787503698571614e-02,-2.040672589589812291e-01,-4.449150206573310173e-01,8.720132901593041774e-01,-2.759813748581472215e-01,-8.284824081800412632e-01,-4.872896264723951543e-01
9.321488692041643986e-01,-3.570136672603547168e-01,6.033015026262517067e-02,-2.217187234293179210e-01,-4.310974198612634867e-01,8.746403959741598788e-01,-2.862504031827236006e-01,-8.286713799681241222e-01,-4.810035869922945073e-01
9.215788291177122726e-01,-3.786613642932759038e-01,8.548703359914519573e-02,-2.504813678393888465e-01,-4.118121428513107363e-01,8.761677027633012482e-01,-2.965662591855912078e-01,-8.288705147318046196e-01,-4.743649689014760029e-01
9.087367553826064537e-01,-4.017917575250629647e-01,1.129641226302152135e-01,-2.826324674900426159e-01,-3.932502470486601287e-01,8.749132137055982694e-01,-3.071097486847060853e-01,-8.269931237810195235e-01,-4.709203494028773584e-01
8.917114192897757086e-01,-4.308554945046906282e-01,1.386156108211936133e-01,3.150364099004274165e-01,3.709591559432851016e-01,-8.735796272000027063e-01,-3.249658522756874723e-01,-8.226498936224109215e-01,-4.665236836193551451e-01
8.705232878149066211e-01,-4.641455497407085407e-01,1.635790757640498694e-01,3.475151076080226220e-01,3.444125176827192436e-01,-8.721314508992522585e-01,-3.484572503996865023e-01,-8.160569381601662231e-01,-4.611167079216977327e-01
8.329142766574165746e-01,-5.170509669510755524e-01,1.972615150383123517e-01,3.912292421060973857e-01,2.980482382719742418e-01,-8.706933603652100562e-01,-3.913993968586835792e-01,-8.023874034641438335e-01,-4.505340907198128741e-01
7.902817059491833440e-01,-5.686009604971062892e-01,2.283588688091985619e-01,-4.161325327082013303e-01,-2.244834251609972298e-01,8.811588432569037455e-01,-4.497649835902147730e-01,-7.913912683052266583e-01,-4.140185019855252002e-01
7.717464326918561657e-01,-5.854491918790393212e-01,2.483076465910268038e-01,-3.921895263932334008e-01,-1.308012060963401058e-01,9.105374346347291370e-01,-5.005944656254657232e-01,-8.000876753280997677e-01,-3.305524054869843908e-01
7.651487836786312613e-01,-5.879578017654540911e-01,2.623984797559741899e-01,-3.707705046067760746e-01,-6.918142503770564888e-02,9.261442454301537230e-01,-5.263806339035925763e-01,-8.059277596490195261e-01,-2.709314940688228313e-01
7.561487282874463922e-01,-5.883915417092333566e-01,2.864166446879614081e-01,-3.437212444287748303e-01,1.533928627444794239e-02,9.389464374632480181e-01,-5.568615688280281750e-01,-8.084306401551233368e-01,-1.906438911184022977e-01
7.518760973596420039e-01,-5.858992895463203121e-01,3.023315344590302156e-01,-3.118742309047828343e-01,8.794725398809861983e-02,9.460442614452579946e-01,-5.808758889098296629e-01,-8.055974820126183822e-01,-1.166014522128485803e-01
7.508724884979816050e-01,-5.814362713139253902e-01,3.132449016622727012e-01,-2.692992160577151739e-01,1.635300377338587963e-01,9.490710505486209536e-01,-6.030492834317507933e-01,-7.969879479385628684e-01,-3.379012567496979952e-02
7.511599380160296491e-01,-5.776016524918576867e-01,3.195857921723518902e-01,-2.347803100783919239e-01,2.187139896830892494e-01,9.471232215062619364e-01,-6.169578215074742467e-01,-7.864734717430593713e-01,2.867969185975792479e-02
-7.519120109828631993e-01,5.696153109520563085e-01,-3.319137316663752779e-01,-1.696142647556095062e-01,3.193687108210228054e-01,9.323275324369285633e-01,6.370708978843097059e-01,7.573255733682244806e-01,-1.435222874377688751e-01
-7.525214398581991926e-01,5.646747436648714702e-01,-3.389010422243558529e-01,-1.382630008831320367e-01,3.676707946614515832e-01,9.196203180333759608e-01,6.438903828607270841e-01,7.388914809496920366e-01,-1.986065312104253744e-01
-7.529307745971097754e-01,5.633065246073618582e-01,-3.402660841156103233e-01,-1.318000823304554814e-01,3.774960238273348256e-01,9.165835970015160372e-01,6.447666143359789270e-01,7.349710955740555995e-01,-2.099845273071111740e-01
-7.542557302287189458e-01,5.610510481307050545e-01,-3.410572016664933925e-01,-1.176001665347806979e-01,3.956054798339005418e-01,9.108603104518173676e-01,6.459632297957321745e-01,7.271299923100590368e-01,-2.324080033799171552e-01
-7.565750843691692040e-01,5.582563217239134845e-01,-3.405055373515555317e-01,-1.056927373547574961e-01,4.094781731830924865e-01,9.061769534462326137e-01,6.453085982553179445e-01,7.215798673341189406e-01,-2.507973446347328550e-01
-7.594071724471984641e-01,5.543996211834913979e-01,-3.405022855537861992e-01,-9.139422349396697509e-02,4.272638934409189182e-01,8.994957816875196466e-01,6.441644528749518317e-01,7.142034901856113560e-01,-2.737983423233347757e-01
-7.624755626178296719e-01,5.493397998573873453e-01,-3.418432399554947043e-01,-8.068316966213265329e-02,4.434864212075709800e-01,8.926421569351140617e-01,6.419666989368655319e-01,7.081988269526763302e-01,-2.938250822495549475e-01
-7.659474221690708573e-01,5.428412747169657493e-01,-3.444530402481815745e-01,-7.345886706463812532e-02,4.583718322186642880e-01,8.857195144503053896e-01,6.386926814377438255e-01,7.037177089516539752e-01,-3.112122182461674047e-01
-7.696519897540682331e-01,5.355616316775639874e-01,-3.475766869950701610e-01,-6.642549422336081755e-02,4.742724806793796044e-01,8.778685936900862963e-01,6.349987940026232680e-01,6.987412630903464539e-01,-3.294498123692307656e-01
7.736688297877656328e-01,-5.282739462486814030e-01,3.498044875779544594e-01,-6.513255617074070747e-02,4.828614898050078152e-01,8.732711673872860514e-01,-6.302335217532427647e-01,-6.984063425958658700e-01,3.391670512894363609e-01
7.781641235145935198e-01,-5.211656309902564788e-01,3.504953379851045159e-01,-7.490792620242267552e-02,4.770617392891629005e-01,8.756716847645874546e-01,-6.235779016825542254e-01,-7.076711679734641880e-01,3.321928935908419200e-01
7.827108813327527947e-01,-5.151280958538567711e-01,3.492946050331794394e-01,-9.806014843029947636e-02,4.521413941664164104e-01,8.865395461969403090e-01,-6.146119780260815846e-01,-7.281560303556023905e-01,3.033824515749684592e-01
7.879627555019720342e-01,-5.102838852593938324e-01,3.445650190984522188e-01,-1.420144683241659767e-01,3.939031449405839269e-01,9.081146420978586375e-01,-5.991215124900322042e-01,-7.644937336894883639e-01,2.379133128287726218e-01
7.940573087595589330e-01,-5.068520392810893505e-01,3.355204921940346807e-01,-2.363479997306143221e-01,2.510938003382970907e-01,9.386647572243294047e-01,-5.600112618768160466e-01,-8.246532081476872778e-01,7.958940169937007980e-02
8.009962635806158193e-01,-5.045029440386731290e-01,3.223069425038866398e-01,-3.431070571263608593e-01,5.432570586622739034e-02,9.377239812611299907e-01,-4.905940613990149024e-01,-8.616991917940084456e-01,-1.295838330254666382e-01
