1.451958276222645172e-01,8.632170889803392200e-01,-4.835022532867802036e-01,-2.874270680429491520e-01,5.044062887903217884e-01,8.142235420233244758e-01,9.467332529267779018e-01,2.074977400077045522e-02,3.213496455289741593e-01
1.479766477241498956e-01,8.616989470546556618e-01,-4.853636125352011055e-01,-2.747402596743586112e-01,5.072664156788195822e-01,8.168222409058343292e-01,9.500635249510366309e-01,1.247830794863248258e-02,3.118069761701143805e-01
1.496374830401377420e-01,8.612070209363076323e-01,-4.857273831681950815e-01,-2.799653231592965641e-01,5.080587352736403162e-01,8.145524779536675863e-01,9.482763529149734749e-01,1.409924119090914807e-02,3.171327323063915515e-01
1.529255422450428170e-01,8.596303966059363200e-01,-4.874929330361417179e-01,-2.829197410285519410e-01,5.107308762745446096e-01,8.118561400618787838e-01,9.468739085355541985e-01,1.376783392390414085e-02,3.213102053835934502e-01
1.571287109904579427e-01,8.580161003705570888e-01,-4.889978933363404168e-01,-2.960617927848093744e-01,5.133001465000727181e-01,8.055249061674307764e-01,9.421560290289086037e-01,1.820250279235392094e-02,3.346799752847077203e-01
1.631952822576120121e-01,8.578416490799607441e-01,-4.873140721881854542e-01,-3.058639683657044528e-01,5.135909010554351450e-01,8.016680230673103313e-01,9.379842923548570299e-01,1.822337665855819702e-02,3.461984630796599016e-01
1.703547587082441528e-01,8.572147562070655535e-01,-4.859651406493240566e-01,-3.290632708935661843e-01,5.143517135575760291e-01,7.919341377344537580e-01,9.288146316323209195e-01,2.500352977574436808e-02,3.697001535900006353e-01
1.774646764798959164e-01,8.567177864649649921e-01,-4.842942524503635049e-01,-3.563352995977209225e-01,5.146519448118627160e-01,7.798451961523965581e-01,9.173502291178045054e-01,3.417616210076849376e-02,3.966113299964761363e-01
1.831911948904740572e-01,8.566588366904879237e-01,-4.822619865122073635e-01,-3.832475804152533638e-01,5.139829345179218745e-01,7.674261105345577816e-01,9.052967901304267428e-01,4.424003327808238850e-02,4.224695743306255413e-01
1.833834141441597343e-01,8.572565820724001862e-01,-4.811254263810806342e-01,-3.979955975164767290e-01,5.122646918295137297e-01,7.610416479157473546e-01,8.988715301834483418e-01,5.192338585222053271e-02,4.351251937400396064e-01
1.812700457508467644e-01,8.579116067759992026e-01,-4.807586145588127469e-01,-3.883865608201663155e-01,5.115703902809833892e-01,7.664539223998049211e-01,9.034915881665804838e-01,4.778504731383665521e-02,4.259337264944457191e-01
1.756063729794561656e-01,8.588005576697657073e-01,-4.812733151911700036e-01,-3.778562216792581974e-01,5.102244387811022408e-01,7.725902522092708002e-01,9.090583465912819294e-01,4.618034448343302789e-02,4.141017969969655321e-01
1.702835545999199784e-01,8.597229187624227942e-01,-4.815392133434582278e-01,-3.621376925154484727e-01,5.090783872760969997e-01,7.808299989549292164e-01,9.164386518978795415e-01,4.142099181560703058e-02,3.980257513586387130e-01
1.663100849015199112e-01,8.588990293099395545e-01,-4.843897326641977141e-01,-3.462167590358664615e-01,5.108185378802181376e-01,7.868915917206237287e-01,9.232956793047120136e-01,3.683583592589923655e-02,3.823195126708682778e-01
1.657825739634566919e-01,8.532125623418466143e-01,-4.945143694900198117e-01,-3.313587131274204900e-01,5.204928577405428802e-01,7.869489108421352519e-01,9.288258940213667270e-01,3.339922908008276237e-02,3.690080623675657256e-01
1.647899888350427833e-01,8.485455777789469023e-01,-5.028067839752566881e-01,-3.207644394661083309e-01,5.281706027147640148e-01,7.862226076639593497e-01,9.327134790243679641e-01,3.172092148277772666e-02,3.592204743420727153e-01
1.608006415445304149e-01,8.504225766607967918e-01,-5.009237414861458237e-01,-3.210176547508623579e-01,5.249968235653341697e-01,7.882423488905969666e-01,9.333224625053891943e-01,3.405548930673407693e-02,3.574204871449807586e-01
-1.554655684885922207e-01,-8.545244856603337880e-01,4.955989915460483064e-01,-3.234844811478917448e-01,5.180758274567414112e-01,7.918050438469633745e-01,-9.333746554685303787e-01,-3.722016136388905244e-02,-3.569683629077622933e-01
-1.508938764684592537e-01,-8.584665703560830918e-01,4.901695478356292157e-01,-3.254935553266455894e-01,5.113435673743512710e-01,7.953500496923929797e-01,-9.334264746005126456e-01,-3.953357669040611505e-02,-3.565839492026002255e-01
-1.469684151819793394e-01,-8.619563987727061338e-01,4.852127899733105765e-01,-3.258565920058736354e-01,5.053478398960197238e-01,7.990250572783965666e-01,-9.339259962037758100e-01,-4.067833977946858082e-02,-3.551443457068845233e-01
-1.427985547585483017e-01,-8.650903272808310174e-01,4.808609969669143114e-01,-3.241137709667588629e-01,4.999239885459124677e-01,8.031352744999150639e-01,-9.351785050077754402e-01,-4.116711456358409377e-02,-3.517761112553430269e-01
-1.387676477781193685e-01,-8.674388987281073105e-01,4.778004781323439421e-01,-3.226386311960300346e-01,4.957451794241701237e-01,8.063132336366862774e-01,-9.362947471763795049e-01,-4.226670144529589418e-02,-3.486626913778622106e-01
-1.352715352376198665e-01,-8.695306141276859524e-01,4.749927608387167211e-01,-3.214411675521224865e-01,4.919829523053880771e-01,8.090910643701377802e-01,-9.372177908881080821e-01,-4.323523719841469021e-02,-3.460542250966040512e-01
-1.321626942008718719e-01,-8.710859128583940958e-01,4.730141167885217879e-01,-3.217581042802018509e-01,4.890604101562862072e-01,8.107352450385860720e-01,-9.375525289772186355e-01,-4.504717124774523102e-02,-3.449144934197441725e-01
-1.291377586579023906e-01,-8.727308706726630838e-01,4.708123476118143413e-01,-3.205540219839537186e-01,4.860364428327400010e-01,8.130274873756777598e-01,-9.383861456131610268e-01,-4.592824417971322348e-02,-3.425230475571596767e-01
-1.256026846241267703e-01,-8.742896817283445365e-01,4.688726032074835293e-01,-3.174472119450555962e-01,4.831857706311880052e-01,8.159404259428844064e-01,-9.399208654155534193e-01,-4.635799265385600471e-02,-3.382302518604476949e-01
-1.228069845279415317e-01,-8.759159312822648591e-01,4.665723158065390175e-01,-3.120245052053587931e-01,4.803681851781764767e-01,8.196872054753422399e-01,-9.421035785424579645e-01,-4.491868202149160161e-02,-3.322998033447314703e-01
-1.212379678224371621e-01,-8.776556148890483078e-01,4.637046223750765916e-01,-3.078419877106169378e-01,4.773620048114057268e-01,8.230181206782825054e-01,-9.436814429460091969e-01,-4.296670823046833121e-02,-3.280536483918075619e-01
-1.200216899139905508e-01,-8.796787519214941398e-01,4.601739751094498510e-01,-3.055457910868144555e-01,4.737566456938620552e-01,8.259518207559286562e-01,-9.445827457133245675e-01,-4.147208794771696516e-02,-3.256432133822755870e-01
-1.196850791671057596e-01,-8.812606437535842607e-01,4.572255019088303785e-01,-3.051859586236889688e-01,4.708944740126187467e-01,8.277197140356870042e-01,-9.447417702651368376e-01,-4.047310360470855739e-02,-3.253074167628197677e-01
-1.203753256152437778e-01,-8.819977855383700494e-01,4.556201129103458758e-01,-3.052954398258185820e-01,4.696054130208280331e-01,8.284114017099819538e-01,-9.446186931268003573e-01,-3.937845054023351998e-02,-3.257988063643979526e-01
-1.220092306571919499e-01,-8.819920149287918676e-01,4.551964776185002948e-01,-3.043685116392731982e-01,4.697744707788440999e-01,8.286565969851148461e-01,-9.447081860325625691e-01,-3.744372051902195714e-02,-3.257674186237164982e-01
-1.237525209852883834e-01,-8.819710218622552889e-01,4.547663467595583486e-01,-3.014112188349990507e-01,4.700459120162054916e-01,8.295830987654306821e-01,-9.454293155546776850e-01,-3.440867902292871899e-02,-3.240053272674864315e-01
-1.250135536840941974e-01,-8.822433601720008900e-01,4.538923493821983568e-01,-2.966638770096209909e-01,4.697907938049034060e-01,8.314368010461044012e-01,-9.467640442438101100e-01,-3.071259495021968697e-02,-3.204599523162438568e-01
-1.267097575484660010e-01,-8.820145102997156705e-01,4.538667656512890836e-01,-2.901546493343128419e-01,4.704988584358917314e-01,8.333313288723791512e-01,-9.485541190737043493e-01,-2.610034159308849411e-02,-3.155374072230313631e-01
-1.280152135879248088e-01,-8.821402465167534901e-01,4.532556569590713291e-01,-2.803191348712842923e-01,4.705640378585735362e-01,8.366544501162055392e-01,-9.513323749957496300e-01,-1.995173550336864013e-02,-3.075201465519793453e-01
-1.288227688827034978e-01,-8.822733942641239890e-01,4.527674369817862865e-01,-2.680001683261541423e-01,4.705566451216032786e-01,8.406856448810428040e-01,-9.547673035847777934e-01,-1.304229679020307495e-02,-2.970678281131933218e-01
-1.291901068559250243e-01,-8.827933276735423496e-01,4.516479346854452293e-01,-2.567941958184733475e-01,4.697114784581432056e-01,8.446465935517700752e-01,-9.577925961733566584e-01,-6.860584504177168197e-03,-2.873782787473034284e-01
-1.290004074667225331e-01,-8.834994439506884678e-01,4.503194726105503309e-01,-2.432782760257831689e-01,4.684322068050184584e-01,8.493450111949230052e-01,-9.613399894352375741e-01,1.290756643834364836e-05,-2.753641671424448267e-01
