8.196613358320613552e-01,7.938262744360428946e-02,-5.673215076146420621e-01,3.950646690147540108e-01,-7.954903504456993790e-01,4.594768869530228006e-01,4.148243023718153899e-01,6.007441225746016356e-01,6.833939547243657042e-01
8.261989337647488441e-01,6.993755964404556325e-02,-5.590206253771214939e-01,3.791355676754282200e-01,-8.029725188038576711e-01,4.598818928477387824e-01,-4.167151823121195697e-01,-5.918985316731439905e-01,-6.899308552556209229e-01
8.323600394159259563e-01,5.763848478290776317e-02,-5.512300516621431168e-01,-3.628238513737489512e-01,8.085101151649984885e-01,-4.633252060380489978e-01,4.189697097140058779e-01,5.856527970972319475e-01,6.938841283631949075e-01
8.353416587243113201e-01,5.122106882409707684e-02,-5.473396708701405711e-01,-3.543376334342294154e-01,8.113915614015638766e-01,-4.648532839709341724e-01,4.202965081129584335e-01,5.822543569565191701e-01,6.959387250851934992e-01
8.417463002149873086e-01,3.653014738487302127e-02,-5.386359757818074412e-01,-3.358697945262922313e-01,8.165559199036400706e-01,-4.694975088274548347e-01,4.226755815034110575e-01,5.761093455259679308e-01,6.996022975937070676e-01
8.477940615784715916e-01,2.219774548524858920e-02,-5.298608206384489705e-01,-3.168016398189599236e-01,8.224597925340304538e-01,-4.724368853856537598e-01,4.253021868745753831e-01,5.683899627546669109e-01,7.043088101674237489e-01
8.544262243488039976e-01,1.822358102937560653e-03,-5.195695392880456120e-01,-2.917882762960545828e-01,8.290917062389311365e-01,-4.769345284858240719e-01,4.299016503355445051e-01,5.591096687205137084e-01,7.089294389302877031e-01
8.619075961314311973e-01,-2.277052297877404929e-02,-5.065538461153075156e-01,-2.632154388061289096e-01,8.337621821733787186e-01,-4.853434416488834335e-01,4.333969641160797526e-01,5.516539919739172904e-01,7.126324049846504138e-01
-8.695895951775473032e-01,4.903533499716081212e-02,4.913343788914689703e-01,2.355232486785447110e-01,-8.333762969950504473e-01,5.000127467762418565e-01,4.339847178079589973e-01,5.505265511567394299e-01,7.131463953359175045e-01
-8.774723702298834471e-01,7.652360168710427291e-02,4.734832392682807312e-01,2.050751748525381501e-01,-8.325417450804638575e-01,5.146051062295993184e-01,4.335739984620293197e-01,5.486514203783761090e-01,7.148392873747487775e-01
-8.848336914291652366e-01,1.059978465804781445e-01,4.536890951214702650e-01,1.713332931693893613e-01,-8.315127152703479796e-01,5.284236056380009483e-01,4.332600156529208824e-01,5.452990563571836757e-01,7.175895051994533036e-01
-8.892266521023785009e-01,1.340503164624337051e-01,4.373859552467561085e-01,1.418319373689725937e-01,-8.282055613950825013e-01,5.421800896532625869e-01,4.349248932091144271e-01,5.441562833695643420e-01,7.174498425231293774e-01
-8.928247360883050376e-01,1.578691350055482778e-01,4.218309221020296040e-01,1.150919769053949243e-01,-8.255021820272244737e-01,5.525395771528947009e-01,4.354512917432403207e-01,5.418703568944249760e-01,7.188592969686434797e-01
-8.954522424881753428e-01,1.781270640639244229e-01,4.079657221763420827e-01,9.331930678145533564e-02,-8.209758924922051504e-01,5.632850885017782749e-01,4.352663419157588587e-01,5.424659740431596600e-01,7.185220098234149644e-01
8.972825512640031365e-01,-2.017705023764517769e-01,-3.926483000955380831e-01,6.833765460278107273e-02,-8.152314143395335000e-01,5.750893026629474436e-01,-4.361352865345251573e-01,-5.428502606103438044e-01,-7.177044004287067569e-01
8.976403994343857828e-01,-2.236670597771321656e-01,-3.797561845104424627e-01,4.517356501898994736e-02,-8.104248631927448709e-01,5.840983565654812582e-01,-4.384074159121302827e-01,-5.414652227887529756e-01,-7.173662594404442983e-01
-8.980443492856375887e-01,2.390669997504312194e-01,3.692740396324419860e-01,2.823162741175567689e-02,-8.063890933901877167e-01,5.907111013643087105e-01,-4.389980887541753973e-01,-5.409099737402498498e-01,-7.174239181812260835e-01
-8.977899259918444841e-01,2.653068579218451628e-01,3.515473224577262412e-01,6.102201600492081213e-04,-7.974520286582034156e-01,6.033820428387576262e-01,4.404235193752882305e-01,5.419248408483913204e-01,7.157825021977913815e-01
-8.964579600907035539e-01,2.986762074830765501e-01,3.273463744621913363e-01,-3.666026655109178717e-02,-7.861718080501104433e-01,6.169196974352684215e-01,-4.416097266211624905e-01,-5.410419681602770536e-01,-7.157195247042210662e-01
-8.924692911529491512e-01,3.409054549342530605e-01,2.954353315787096590e-01,-8.507739031802755147e-02,-7.703555568808340137e-01,6.319130902580620823e-01,-4.430128688939250492e-01,-5.388281607144249641e-01,-7.165220242361598491e-01
-8.843355560214665179e-01,3.893727766517103839e-01,2.575644873788709988e-01,-1.406541124110664287e-01,-7.482869062236018332e-01,6.482924699826195791e-01,-4.451595725333316045e-01,-5.370805775457234699e-01,-7.165035995758106679e-01
-8.711162124814244567e-01,4.431757011997470297e-01,2.115463122300432486e-01,-2.052348206241285389e-01,-7.199073678513074892e-01,6.630324653565498050e-01,-4.461336265687669278e-01,-5.341616605293899589e-01,-7.180780651608048570e-01
-8.407415010684213819e-01,5.236475747539399705e-01,1.376479053074701753e-01,-3.023807392867652322e-01,-6.649954276214413706e-01,6.828960167924291724e-01,-4.491320706536180984e-01,-5.325169468635655434e-01,-7.174301948019055075e-01
-8.196384145430914980e-01,5.641952483354581993e-01,9.938104024901546485e-02,-3.505223861631827087e-01,-6.311128883931373945e-01,6.919758513868381478e-01,-4.531301426784081210e-01,-5.323347103653499612e-01,-7.150474319487369890e-01
-7.999401982430003333e-01,5.962371534176511556e-01,6.780070884117314622e-02,-3.883749813987913413e-01,-6.005416817278219632e-01,6.989381677451932395e-01,-4.574500552611591719e-01,-5.327766374306737163e-01,-7.119610253023872515e-01
-7.807017223256836891e-01,6.234129672904611397e-01,4.314038678331197363e-02,-4.185160487604330237e-01,-5.728769061971586973e-01,7.047385098573275553e-01,-4.640572569065871678e-01,-5.321356242163028938e-01,-7.081543191651520353e-01
-7.668115152275248869e-01,6.412063211612207825e-01,2.923275247665210741e-02,-4.350347853195142278e-01,-5.526611755901249534e-01,7.108518555629896873e-01,-4.719585105456536311e-01,-5.323721242685746091e-01,-7.027340077335759716e-01
-7.562462356536503449e-01,6.539903485038656150e-01,1.970419050547120299e-02,-4.455486344502696539e-01,-5.367999401281861038e-01,7.164720780448291526e-01,-4.791430322974377098e-01,-5.330501367996898221e-01,-6.973374407405988906e-01
7.466573411604163768e-01,-6.650853786602026751e-01,-1.281616103490473835e-02,-4.525794935272203778e-01,-5.220192083106525160e-01,7.229576392800374229e-01,4.875188375128726714e-01,5.340012970463033914e-01,6.907734779382911361e-01
7.392505374100897253e-01,-6.733000533616182448e-01,-1.325447404216723024e-02,-4.534276871730886782e-01,-5.122006756887842460e-01,7.294201809168813222e-01,4.979075972946751527e-01,5.332143152309339884e-01,6.839375107340208704e-01
7.327155952425881136e-01,-6.803945174203493984e-01,-1.382595937464792257e-02,-4.534695625616625425e-01,-5.032877343093353772e-01,7.355724385292791156e-01,5.074378901091576299e-01,5.326957453914062945e-01,6.773049760067175740e-01
7.283217934182117936e-01,-6.850665830085588270e-01,-1.520335742712453087e-02,-4.504478075523574154e-01,-4.953730203762221618e-01,7.427666816400781968e-01,5.163759656523083663e-01,5.341248426429127116e-01,6.693777069549968761e-01
7.248498072494036215e-01,-6.887167513676744068e-01,-1.618620758733230192e-02,-4.473684003985961000e-01,-4.884466607421057427e-01,7.491871421311825374e-01,5.238838337411308999e-01,5.358069577706541242e-01,6.621605792776038557e-01
7.196786641360035652e-01,-6.941496092974595022e-01,-1.479663135992925760e-02,-4.491470686128258838e-01,-4.817055746201168165e-01,7.524803320595221390e-01,5.294615483148161772e-01,5.348981765645567377e-01,6.584484866441639994e-01
-7.110386374804433807e-01,7.030830944250349157e-01,9.910516821624526518e-03,-4.589378725121272540e-01,-4.747169780014919849e-01,7.510125298363359292e-01,5.327289040252993768e-01,5.294506144399571124e-01,6.602135727816832445e-01
-7.004956400314763520e-01,7.136176017181417031e-01,7.468387706829462958e-03,4.684807457154502308e-01,4.677104204157093159e-01,-7.495150122101997825e-01,-5.383601482193755006e-01,-5.215332023491960900e-01,-6.619452165070792704e-01
-6.890065332816133203e-01,7.247473790581455688e-01,3.351662811480360382e-03,4.780851600890608788e-01,4.579743976025325569e-01,-7.494624946207881777e-01,-5.447059544358505701e-01,-5.147821749914676115e-01,-6.620383187649968582e-01
-6.753287407608946635e-01,7.374882692309043808e-01,-6.491891027196425301e-03,4.896852420044687237e-01,4.417950702726177736e-01,-7.516817675358618001e-01,-5.514884002998875490e-01,-5.108112847516362853e-01,-6.594940300753703299e-01
