-4.909696790153016410e-01,-8.689240270069844563e-01,6.260838264622954619e-02,-3.044521311082312720e-01,2.384716941739891960e-01,9.221931201984990834e-01,8.162460867601558645e-01,-4.337076046920925188e-01,3.816281429362615163e-01
-4.885799361999004775e-01,-8.708689578249503294e-01,5.363678066202320904e-02,-3.029057797885190140e-01,2.269458903141432227e-01,9.256044789434795250e-01,8.182528548765416465e-01,-4.359848863967711874e-01,3.746724493740952733e-01
-4.891399372063175988e-01,-8.702983890003435086e-01,5.764404508018794449e-02,-2.999950956145614467e-01,2.299296031025472586e-01,9.258160293623759474e-01,8.189902712712830990e-01,-4.355606636514737229e-01,3.735530000448102905e-01
-4.977556054618756942e-01,-8.640391042431663227e-01,7.533779642350196815e-02,-2.918654945766126496e-01,2.486662189808802048e-01,9.235689712270017671e-01,8.167336715887442145e-01,-4.377231292454404343e-01,3.759582048802082577e-01
-4.964557127921128132e-01,-8.653662848779987149e-01,6.835874656929441517e-02,-2.930358064647728966e-01,2.411964852733590181e-01,9.251779675399315339e-01,8.171057100312145716e-01,-4.392783269047405570e-01,3.733266801959865266e-01
-5.003503599323707585e-01,-8.612483120782216117e-01,8.888679462080487093e-02,-2.807231616329300961e-01,2.584856888548962561e-01,9.243265955169855941e-01,8.190506845356756438e-01,-4.375345627486174616e-01,3.711057565735371155e-01
-5.022096531977968681e-01,-8.592100241419234896e-01,9.769134377714146222e-02,-2.757398813434239204e-01,2.661874339031573555e-01,9.236404970922216240e-01,8.196053819196551515e-01,-4.369237741827367016e-01,3.706003689720906435e-01
-4.992725290990710496e-01,-8.618996071967084394e-01,8.863412887357269287e-02,-2.799459167559204542e-01,2.572770110924562093e-01,9.248993584466471685e-01,8.199739174990289259e-01,-4.369640793903910581e-01,3.697366196954306461e-01
-4.951897656076972298e-01,-8.655419143871847520e-01,7.499526969322650727e-02,-2.858876250478759595e-01,2.438563978387528752e-01,9.267158804496622437e-01,8.203995135797426119e-01,-4.374600000823775647e-01,3.682029147712537753e-01
-4.828457473159579738e-01,-8.746883294622019855e-01,4.219372703989431039e-02,-3.031938343836200755e-01,2.121830894215724905e-01,9.290058317121991927e-01,8.215433543585221043e-01,-4.357736371857986457e-01,3.676518108798161322e-01
-4.689416451067669467e-01,-8.832270188379097720e-01,1.940793460963703958e-03,-3.231911968421182224e-01,1.736396921603551025e-01,9.302670087615795280e-01,8.219739556508576239e-01,-4.356136941157336961e-01,3.668780801990293439e-01
-4.499812316615746655e-01,-8.916897319999151916e-01,-4.905418430930935658e-02,-3.487399273307444370e-01,1.248886075999921241e-01,9.288612914623380901e-01,8.221297672738042683e-01,-4.350773006462811399e-01,3.671653418075651043e-01
-4.378793426387605492e-01,-8.955041583424350193e-01,-7.958632848457057596e-02,-3.635088118967296777e-01,9.538850223976576281e-02,9.266943278740202850e-01,8.222670034506279757e-01,-4.347106348271931320e-01,3.672923073036840069e-01
-4.077456334398519844e-01,-9.000994085479054885e-01,-1.535075019093347648e-01,-3.967030322501469142e-01,2.320544862152005422e-02,9.176536445510430351e-01,8.224172922636492356e-01,-4.350661580564325615e-01,3.665340850449556043e-01
-3.611293535503404262e-01,-8.964592012166023860e-01,-2.568004878468967411e-01,4.397947965360659572e-01,7.910334411929222098e-02,-8.946078458682020784e-01,8.222932122692691026e-01,-4.360086713624349297e-01,3.656915524764698944e-01
-3.289263863355207929e-01,-8.887146189643873040e-01,-3.193646167176942274e-01,4.641341041980460713e-01,1.423825016566806767e-01,-8.742463934968580652e-01,8.224274835464421285e-01,-4.357907172726024347e-01,3.656494018134003876e-01
2.572099443603502178e-01,8.572936656259357857e-01,4.459715410200425501e-01,-5.087448126027920292e-01,-2.722389150220510534e-01,8.167402823403324685e-01,8.215970789699140742e-01,-4.369594306400337858e-01,3.661211490788834344e-01
1.556591380760349586e-01,7.885247209409259606e-01,5.949781485050196217e-01,-5.489597571016163746e-01,-4.316918676504743480e-01,7.157410959888919066e-01,8.212267761199464333e-01,-4.380307019713123862e-01,3.656715552434438576e-01
5.950922387789040618e-02,7.014495915267243697e-01,7.102303308226441958e-01,-5.678402190778698566e-01,-5.613731695306036773e-01,6.020113372094921811e-01,8.209848584907325497e-01,-4.391225740931060106e-01,3.649044080999799822e-01
-2.064015597661605916e-02,6.135735896035023895e-01,7.893677432618677603e-01,-5.712855522048888579e-01,-6.551837888288667422e-01,4.943349276531110448e-01,8.204918048361096172e-01,-4.407512370906334076e-01,3.640488225497507391e-01
-6.342647070543049048e-02,5.611874164522192565e-01,8.252549705573035688e-01,-5.681412999473460790e-01,-7.001469033847124157e-01,4.324462706220708608e-01,8.204831175033358015e-01,-4.414328910451518206e-01,3.632415953542849629e-01
-7.749040042984035870e-02,5.452546654600141096e-01,8.346811293154473566e-01,-5.673595852134405426e-01,-7.125356635506941982e-01,4.127905391779277955e-01,8.198160396745454159e-01,-4.415770351393512039e-01,3.645701347201723008e-01
-8.036532320361415571e-02,5.438101388814057247e-01,8.353513917365346098e-01,-5.680899206948689661e-01,-7.136169200770001719e-01,4.099082011679133775e-01,8.190331231588112715e-01,-4.416123008132847860e-01,3.662831130957591164e-01
-7.449558294443307804e-02,5.531653882729583582e-01,8.297339702209354240e-01,-5.710960274253820135e-01,-7.057548068465808733e-01,4.192367828231349791e-01,8.174960156359882824e-01,-4.426264856849085327e-01,3.684861715037773267e-01
-7.243477427818625913e-02,5.606228329167443070e-01,8.248971103644822112e-01,-5.752461567520588126e-01,-6.991269530823204237e-01,4.246332095065303847e-01,8.147668762396110820e-01,-4.437606817714199181e-01,3.731372330611227306e-01
-8.626623470930232240e-02,5.520833208269066983e-01,8.293142610698397421e-01,-5.789779872783512582e-01,-7.052028947140905890e-01,4.092351005644264683e-01,8.107666908526698357e-01,-4.448515304588731012e-01,3.804792883353957933e-01
-1.109449224260830591e-01,5.347299909780235394e-01,8.377082194514466895e-01,-5.824891779057419505e-01,-7.179424483867623552e-01,3.811364564393096566e-01,8.052313840198749295e-01,-4.456708174797447408e-01,3.911265020889950761e-01
-1.449396775222483447e-01,5.080404002822187515e-01,8.490509063423875569e-01,-5.846365396098249789e-01,-7.362662819993547325e-01,3.407522245619188928e-01,7.982434506043855071e-01,-4.469976662936057665e-01,4.037331790864780445e-01
-1.769829592302338273e-01,4.866140338698019541e-01,8.555020830968611545e-01,-5.877687837078076072e-01,-7.494570811251335396e-01,3.046997545946501518e-01,7.894332707966860152e-01,-4.489107545964505785e-01,4.186576708563829463e-01
-1.930573485326773364e-01,4.907210751647764213e-01,8.496597475264192623e-01,-5.979721182462818252e-01,-7.453987193131469402e-01,2.946355291650614161e-01,7.779191513117462708e-01,-4.511912849728447750e-01,4.373422211346237320e-01
-1.850826063802137877e-01,5.295889876494204174e-01,8.278163642837516045e-01,-6.182921640624163828e-01,-7.175055598739252805e-01,3.207811893004636761e-01,7.638450292268198494e-01,-4.524613527258080636e-01,4.602385203511450973e-01
-2.028697194965067563e-01,5.402171338627489439e-01,8.167063886076352253e-01,-6.312893890262031293e-01,-7.097356827334138085e-01,3.126483135375243694e-01,7.485436421574440669e-01,-4.521512014094973275e-01,4.850172232504905701e-01
-3.947619460762023524e-01,3.300976593387349167e-01,8.574371937519494891e-01,-5.536136837563768731e-01,-8.302525895485188823e-01,6.474972359534472699e-02,7.332631826894242533e-01,-4.491282365283526534e-01,5.104987091708542701e-01
-6.232051234976873078e-01,-7.145658098445516193e-02,7.787870896979769419e-01,3.074393209880308953e-01,8.932580262707431329e-01,3.279804299242793375e-01,7.190941787809516095e-01,-4.438288583867756043e-01,5.347144158393715152e-01
6.940326311289256589e-01,2.745981131339186865e-01,-6.655182816358635733e-01,1.393807684671342917e-01,8.556655335392446826e-01,4.984069583126934377e-01,-7.063226658615537890e-01,4.386711421740566719e-01,-5.555861055803473780e-01
3.704423342263010732e-01,9.005413287918418996e-01,2.275912831168910300e-01,6.125900793076812789e-01,-5.268050515936936046e-02,-7.886432394371755139e-01,-6.982162070209899651e-01,4.315670046632124612e-01,-5.711777733238968535e-01
2.480011568438913461e-01,9.013165127412683386e-01,3.551393670997490815e-01,-6.708922131113380649e-01,-1.046656452107371377e-01,7.341312832860281690e-01,6.988555391428634689e-01,-4.203256434867361224e-01,5.787290288527079385e-01
2.192844417899923737e-01,9.046196713877825424e-01,3.654826722665689975e-01,-6.762748369004817350e-01,-1.290823110660233586e-01,7.252517507356199822e-01,7.032543484146248636e-01,-4.062031598943009469e-01,5.834657781976646529e-01
1.806752811470058451e-01,9.062411040659004158e-01,3.822087179590076822e-01,-6.818741044721163824e-01,-1.646388391122776684e-01,7.127003285435685731e-01,7.088047322308166365e-01,-3.893855595129069869e-01,5.881961727264304329e-01
