6.520933183876427286e-01,7.357195396586913017e-01,1.830056367399530703e-01,7.312284359541501022e-01,-5.466061376016054796e-01,-4.080768368681350067e-01,2.001980983082509435e-01,-3.999231042346240161e-01,8.944172584052153541e-01
6.531683068364831923e-01,7.350265559486520717e-01,1.819536341891123954e-01,7.326568726327866710e-01,-5.527710714147133775e-01,-3.970617704979603757e-01,1.912722403494733214e-01,-3.926577449348140902e-01,8.995748025675239790e-01
6.534922830089309187e-01,7.346939381342743047e-01,1.821336139116703223e-01,7.333784146393923509e-01,-5.549941133390412507e-01,-3.926036615978281130e-01,1.873604467031017295e-01,-3.901363241583147845e-01,9.014930457765343297e-01
6.534750475947629367e-01,7.350239561329594551e-01,1.808594650043942875e-01,7.325185965031194568e-01,-5.538569805304607296e-01,-3.958016560030808706e-01,1.907534218516728219e-01,-3.911294274640234048e-01,9.003504334555204602e-01
6.532395734323480641e-01,7.352959711960278533e-01,1.806042481361218310e-01,7.323827513463474492e-01,-5.531197324295109574e-01,-3.970819400671107835e-01,1.920769773613644482e-01,-3.916610733019000312e-01,8.998377845076998005e-01
6.532084517022213044e-01,7.357565570288401302e-01,1.788323444286680775e-01,7.328357445371772583e-01,-5.549170519063324480e-01,-3.937243160286476029e-01,1.904481298239184273e-01,-3.882387851473009244e-01,9.016652125672365292e-01
6.517657087601859134e-01,7.369310743606096725e-01,1.792597348152943360e-01,7.329373374134601216e-01,-5.512648639971919895e-01,-3.986350575995855627e-01,1.949469679415402890e-01,-3.912028135940162632e-01,8.994198342968234838e-01
6.512048066264952695e-01,7.377016018643087758e-01,1.781253671810448802e-01,7.322471216586547982e-01,-5.491196534307279942e-01,-4.028421018696198286e-01,1.993651239539270259e-01,-3.927645004617276725e-01,8.977692323352840509e-01
6.506165925133319261e-01,7.386619320026531765e-01,1.762855630970646681e-01,7.317273859632210664e-01,-5.476764520837587025e-01,-4.057407256665000461e-01,2.031577765623873433e-01,-3.929746226450942514e-01,8.968265516693698647e-01
6.506115061470563177e-01,7.388288668183828900e-01,1.756034556178288630e-01,7.311121164480030021e-01,-5.468548949220963795e-01,-4.079519543802487824e-01,2.053770709012589790e-01,-3.938040495673026387e-01,8.959568233416234095e-01
6.493201604803371385e-01,7.398873304329420808e-01,1.759263125817263351e-01,7.315812586770114034e-01,-5.444748781465705845e-01,-4.102876661804945035e-01,2.077791884341372297e-01,-3.951124464403665826e-01,8.948262197329491796e-01
6.495346902061774896e-01,7.396581641109235550e-01,1.760979457086957745e-01,7.307362747019581217e-01,-5.432882500060930431e-01,-4.133550220331442815e-01,2.100694719693206036e-01,-3.971695830113061709e-01,8.933796165556702196e-01
6.491971477159932391e-01,7.398091006750215914e-01,1.767075492327233321e-01,7.301109803933959475e-01,-5.409692124821485759e-01,-4.174808587892850364e-01,2.132627949418597346e-01,-4.000435047652449172e-01,8.913384175433737289e-01
6.495356435493468972e-01,7.396182655414426099e-01,1.762619330326415656e-01,7.289194131890980310e-01,-5.397925186531179476e-01,-4.210706898873207704e-01,2.162867005504421625e-01,-4.019811663294576842e-01,8.897365930888829766e-01
6.487941240976702328e-01,7.402633638918413306e-01,1.762848167479898198e-01,7.284451859093542536e-01,-5.371758655576513997e-01,-4.252172392881947149e-01,2.200767949190076955e-01,-4.042922724241997390e-01,8.877578289129605116e-01
6.476291161687951492e-01,7.412181667812481889e-01,1.765563851121515204e-01,7.288705247880076232e-01,-5.351085076224070258e-01,-4.270909073784804888e-01,2.220907156674468974e-01,-4.052832519406216472e-01,8.868039240501562892e-01
6.457124609988416086e-01,7.427905772150098507e-01,1.769677261859126660e-01,7.291006660433468900e-01,-5.309103774615016036e-01,-4.319101641300350791e-01,2.268647978113118024e-01,-4.079170620411441406e-01,8.843845509786756320e-01
6.440403809624924980e-01,7.442516189405927740e-01,1.769223428343459081e-01,7.289008603110388451e-01,-5.268207106242009941e-01,-4.372224544728217643e-01,2.321971652012886633e-01,-4.105477640442317111e-01,8.817794565030233622e-01
6.437624997166547791e-01,7.446829174555164021e-01,1.761169963646453118e-01,7.269047588383281688e-01,-5.231893832755690754e-01,-4.448396798914432404e-01,2.391219679091736161e-01,-4.143913870698454072e-01,8.781232617267201723e-01
6.437266744585987688e-01,7.450557551042622517e-01,1.746650805870789691e-01,7.244464085514987772e-01,-5.197730795627603095e-01,-4.527839958508683149e-01,2.465631150989699982e-01,-4.180046262278229174e-01,8.743447619359483447e-01
6.454789535693966629e-01,7.439368345689735262e-01,1.729592630374353068e-01,7.204476085843931621e-01,-5.178537212703304693e-01,-4.612838243982771425e-01,2.535984301686144970e-01,-4.223570877089285469e-01,8.702311915106508700e-01
6.485923932482896559e-01,7.417943205486778879e-01,1.704966082424573814e-01,7.155230043843908705e-01,-5.178506612819756549e-01,-4.688896701853814686e-01,2.595279129827680054e-01,-4.261125187219292898e-01,8.666449006203533756e-01
6.518240058987859742e-01,7.392420576382185970e-01,1.692531995351093665e-01,7.108709351333116766e-01,-5.178433654423212351e-01,-4.759209623982345039e-01,2.641741450572903660e-01,-4.305338884294509505e-01,8.630484296938771838e-01
6.523752990506290761e-01,7.386496845221788288e-01,1.697147982466111482e-01,7.088351721329408939e-01,-5.153926745222809913e-01,-4.815839384739008522e-01,2.682520604503650374e-01,-4.344732841085347519e-01,8.598103264441977478e-01
6.478792167573292904e-01,7.417573654735438726e-01,1.733451218224985602e-01,7.119703910996918461e-01,-5.087498699243174771e-01,-4.840162518442343575e-01,2.708333116351474557e-01,-4.370006643218489195e-01,8.577177488492364610e-01
6.459768144508269971e-01,7.429985904595254320e-01,1.751201009796415076e-01,7.134590260549640295e-01,-5.060694126876124077e-01,-4.846338490888936201e-01,2.714593401094598790e-01,-4.380032466970686378e-01,8.570081578084089990e-01
6.405738187181112542e-01,7.460919203786340326e-01,1.816921272884947647e-01,7.180486383078018564e-01,-4.981222990296638731e-01,-4.860867496997978154e-01,2.721604963935951860e-01,-4.418382300742257351e-01,8.548143907584077050e-01
6.362927674228542330e-01,7.472282372769488701e-01,1.917849721468011248e-01,7.227009807232315231e-01,-4.904019893592001522e-01,-4.870412521483349910e-01,2.698792444539683810e-01,-4.485040136370273545e-01,8.520618188631811085e-01
6.334576946985618351e-01,7.460180419034284638e-01,2.053982234143191810e-01,7.278962181718250379e-01,-4.844719907167280848e-01,-4.852360103930103419e-01,2.624851321472104204e-01,-4.568850745707781491e-01,8.499162217748970072e-01
6.293324202617719410e-01,7.444938591754007851e-01,2.228667728881513488e-01,7.350929263258847435e-01,-4.772331013527444377e-01,-4.815464221016375057e-01,2.521489529486645176e-01,-4.668805635527780717e-01,8.476104322762506582e-01
6.230571014323541545e-01,7.430319191159975301e-01,2.443428237733024921e-01,7.451355212266443928e-01,-4.688533094298154569e-01,-4.742885506134495999e-01,2.378505904155172046e-01,-4.775773669380780628e-01,8.457818603088398390e-01
6.183430673160479341e-01,7.392830593846902998e-01,2.666691005890896027e-01,7.552711989505853651e-01,-4.651675327766783274e-01,-4.617191597564508920e-01,2.172953454124749162e-01,-4.869083328073880446e-01,8.459923216583014050e-01
6.131923447661216109e-01,7.346826837243315422e-01,2.902352538129021053e-01,7.663656470114665886e-01,-4.642088243340703468e-01,-4.440651556822225454e-01,1.915172143722905507e-01,-4.947236821155771014e-01,8.476848677150511380e-01
6.091266825971620724e-01,7.282385534689080897e-01,3.140593794009156614e-01,7.770165769480514850e-01,-4.687246077630519703e-01,-4.201695862688124561e-01,1.587763322920278108e-01,-4.999658501526727528e-01,8.513660933963758115e-01
6.050767457358836587e-01,7.165848536817627235e-01,3.469701417176405678e-01,7.882062169634597160e-01,-4.776753716894416857e-01,-3.880170084178077849e-01,1.123080197929977875e-01,-5.082640915461570374e-01,8.538468960738425650e-01
6.030014143242006242e-01,7.115399791062865242e-01,3.606939872751406262e-01,7.927860635070271833e-01,-4.841923325709691639e-01,-3.702000034961056008e-01,8.876683970969245774e-02,-5.091842919934878031e-01,8.560676404087729230e-01
5.992796972725370486e-01,7.129292824679440699e-01,3.641369009544056512e-01,7.970822939662179918e-01,-4.891608797230390659e-01,-3.540924319921768260e-01,7.432133665703369307e-02,-5.024474817812552008e-01,8.614074918232293987e-01
5.957317698155584207e-01,7.187851679798554771e-01,3.584013681957607389e-01,8.006435978849580914e-01,-4.959878136002502935e-01,-3.361040284285097823e-01,6.382387952993887059e-02,-4.871796086170003259e-01,8.709664410007621482e-01
5.943973397305452044e-01,7.262517677871166422e-01,3.453261824816335479e-01,8.021408262366135355e-01,-5.049503146616649563e-01,-3.187401364866498943e-01,5.711302308312395104e-02,-4.664585185299688908e-01,8.826973167995544323e-01
5.947783315577612751e-01,7.282406508390159017e-01,3.404471923440291481e-01,8.019767209105197470e-01,-5.083258848259784024e-01,-3.137485202092539782e-01,5.542630627216667966e-02,-4.596415443380341692e-01,8.863732708580348563e-01
