8.386798389552527766e-01,-4.758966284193203444e-01,2.648367927405754774e-01,-2.773662373443711027e-01,4.526549642267967827e-02,9.596973508429803568e-01,-4.687047024635204173e-01,-8.783356043635778265e-01,-9.403439793953675963e-02
8.238579219069480652e-01,-4.830421325683949552e-01,2.965272713848459696e-01,-1.932821760233916220e-01,2.523773768600052758e-01,9.481285039913763812e-01,-5.328227894364387929e-01,-8.384366152626208102e-01,1.145596667424116782e-01
8.463310888879308491e-01,-4.580342439574013325e-01,2.718976265879148313e-01,-2.553003385607334752e-01,9.918864610172919982e-02,9.617605469217794800e-01,-4.674884224369028063e-01,-8.833834070475161671e-01,-3.298986269413804046e-02
-3.631673140321303173e-01,-7.459115718531956762e-01,-5.583237671765216570e-01,-8.034578597629118413e-01,5.541334410874105831e-01,-2.176961117103972665e-01,4.717679192186435833e-01,3.695295068653112192e-01,-8.005516685086548900e-01
-3.494274667955060698e-01,-7.779886514497861283e-01,-5.221437576608742859e-01,-8.227994088673219464e-01,5.213735021277455806e-01,-2.262096462280844822e-01,4.482204571597116494e-01,3.505757115009426328e-01,-8.223108246211687788e-01
-3.584748600345970537e-01,-7.631316905049025934e-01,-5.377041916056697346e-01,-8.132735376089776924e-01,5.380829913553786259e-01,-2.214787742403926951e-01,4.583469512805286583e-01,3.579060174978590525e-01,-8.135240346115578669e-01
9.079688426472779655e-03,9.458076985813066440e-01,3.246003027762150439e-01,9.350563834875815772e-01,-1.230728143701888266e-01,3.324494579061993971e-01,-3.543827294849494769e-01,-3.005010476975638056e-01,8.855009889183997895e-01
-1.786693144036803974e-02,9.520929637739888873e-01,3.052863591662218767e-01,9.630986787854567410e-01,-6.562382935195874845e-02,2.610257610713794807e-01,-2.685548504172156070e-01,-2.986846185414432919e-01,9.157869790317724190e-01
-7.245679793945763829e-03,9.498555009287202866e-01,3.126052262515350844e-01,9.523060862732743992e-01,-8.881340545085633642e-02,2.919337203186708751e-01,-3.050583848564103473e-01,-2.998111178186552706e-01,9.039096611172633411e-01
-9.078191436211151544e-01,5.724678879030505041e-02,-4.154361655516082275e-01,-1.562819402047065098e-01,8.730957366538701914e-01,4.618222491421224984e-01,-3.891533857502433302e-01,-4.841762487049877106e-01,7.836663847257249182e-01
-9.272099702809873945e-01,8.453994448700130615e-02,-3.648762376445819910e-01,-9.792275296962363318e-02,8.855917216585408314e-01,4.540247096587493036e-01,-3.615145992382337026e-01,-4.567059232328790075e-01,8.128510898200377310e-01
-9.185207765151323089e-01,7.169539170908624526e-02,-3.888178930009766332e-01,-1.255245059297042942e-01,8.796620450526678736e-01,4.587355282783993071e-01,-3.749175663011030668e-01,-4.701642875649308939e-01,7.989883360709457705e-01
9.633985828859514822e-02,-9.085374054261665666e-01,-4.065444805263304096e-01,-9.921541759400387406e-01,-5.495871864225726489e-02,-1.122926106649267675e-01,-7.967887342123393390e-02,-4.141730582578876940e-01,9.067038959570160594e-01
1.340637100969631068e-01,-9.162598410761932932e-01,-3.774848675987775293e-01,-9.887782668902123095e-01,-9.834533628733843624e-02,-1.124532514252840065e-01,-6.591252203204873983e-02,-3.883247332601407753e-01,9.191623583338337511e-01
5.715264958671052442e-01,-8.169623579590127305e-01,-7.700629974175851600e-02,-7.712019350877538093e-01,-5.026992604453596192e-01,-3.905650123405738361e-01,-2.803659034882303724e-01,-2.826056602860926303e-01,9.173488981491667582e-01
5.370197599532495758e-01,-8.392393392976482680e-01,-8.536456404739045656e-02,-8.038117325147398073e-01,-4.783824821866197174e-01,-3.536055703868662969e-01,-2.559227932236723957e-01,-2.585102166495852893e-01,9.314912730650662942e-01
4.840650036097220443e-01,-8.740829197913287940e-01,4.074458994008049728e-02,-7.864633537780628680e-01,-4.550104043953764332e-01,-4.176612563503077080e-01,-3.836097827799512805e-01,-1.701310707102649256e-01,9.076887976253189549e-01
4.841111817117840777e-01,-8.741928255291745442e-01,3.772621813722680517e-02,-7.986992893669773164e-01,-4.590914368526715084e-01,-3.889916422922668482e-01,-3.573734865743476430e-01,-1.581833000094102493e-01,9.204684865283696560e-01
-2.995622673890599996e-01,9.537040709546279471e-01,-2.666445201565295284e-02,-8.551454753846998713e-01,-2.807878816998649052e-01,-4.357572505645519456e-01,4.230705188095720826e-01,1.077344445155420105e-01,-8.996691756302017673e-01
3.441916133631969799e-01,-9.376319370008697751e-01,4.876970377639300996e-02,-8.701946411095996536e-01,-3.380789976238645633e-01,-3.584185792474748888e-01,-3.525527192840451352e-01,-8.092553417581344055e-02,9.322862425477408399e-01
-4.726991599654033482e-01,8.753876457819913526e-01,-1.012520309932886248e-01,7.956195683578272115e-01,4.733532840209841441e-01,3.780557775681455124e-01,-3.788733384841263541e-01,-9.814855128229613146e-02,9.202292406064257468e-01
4.999854094587010689e-01,-8.584821617624355250e-01,1.141182205614427597e-01,-8.075103671208970768e-01,-5.097507706311695808e-01,-2.967847011441167027e-01,-3.129562226904729072e-01,-5.623637414186522659e-02,9.481011933874397002e-01
7.004013287241771524e-01,-6.844010354612257707e-01,2.025665356889170821e-01,-5.793599314849967596e-01,-7.109071215825703005e-01,-3.986892703257571280e-01,-4.168693422537899096e-01,-1.618835604463488564e-01,8.944348295689888984e-01
7.270007214658140704e-01,-6.541096534060849566e-01,2.088313010761499722e-01,-5.673007785226861222e-01,-7.435384279077689174e-01,-3.540062611197702935e-01,-3.868330100647313086e-01,-1.388926475570830543e-01,9.116298891429811535e-01
5.847112030650106762e-01,7.278964363335793664e-01,3.581613979522965674e-01,-7.356508988625758416e-01,6.618523057896987805e-01,-1.441155103503526935e-01,-3.419511134840063082e-01,-1.792158009042007505e-01,9.224701256373094571e-01
5.703369427664826130e-01,7.562572421290237878e-01,3.206099740232437045e-01,-7.583413278394267598e-01,6.347695823593112463e-01,-1.482767945503308815e-01,-3.156488590293290986e-01,-1.585640597323013101e-01,9.355336641482729920e-01
5.818260202723058994e-01,7.394514357821554418e-01,3.386592037045493830e-01,-7.448662783666850640e-01,6.516671073408922821e-01,-1.431929068149630224e-01,-3.265772641906584117e-01,-1.689424615946595598e-01,9.299493186104724751e-01
5.780760457542780673e-01,7.462179217903103234e-01,3.301316381749077045e-01,-7.501791073636331353e-01,6.451920749524044929e-01,-1.447704848845690617e-01,-3.210286470086438082e-01,-1.639695081945448663e-01,9.327671779078844372e-01
2.739180057860793882e-01,-9.555730629432959145e-01,1.088533301435711392e-01,-9.584480978791856121e-01,-2.805976201144277926e-01,-5.140252190204802618e-02,-7.966285067676608100e-02,9.025019093213644539e-02,9.927279250926530629e-01
3.475618968075428472e-01,-9.280336996919923420e-01,1.339932092441098455e-01,-9.363666379697325182e-01,-3.510159431172669708e-01,-2.308023993706553867e-03,-4.917567675998787968e-02,1.246645896535520520e-01,9.909795623027291001e-01
1.088023739296651859e-01,9.684281160581548198e-01,-2.242967397340466240e-01,9.835958496554861874e-01,-7.222212571802694159e-02,1.652972144268358146e-01,-1.438792826218255605e-01,2.386020716272659048e-01,9.603998143728504910e-01
-9.138831572140548865e-02,-9.604402918963037550e-01,2.630639113442714838e-01,9.921540713199827888e-01,-6.518575147024235905e-02,1.066823160999127162e-01,-8.531397606949639445e-02,2.707494478432077023e-01,9.588619619005706030e-01
1.039958269962550919e-01,9.643310084657885639e-01,-2.434144081165288132e-01,9.884120547498895792e-01,-7.299861704348059588e-02,1.330894884460841476e-01,-1.105734054484442536e-01,2.544344866976454567e-01,9.607479450857232539e-01
1.810678430667261862e-01,9.530495263382932070e-01,-2.427159585884670623e-01,9.695707477464974300e-01,-1.316407409422598040e-01,2.064056211406821439e-01,-1.647634708345916688e-01,2.727037140754191569e-01,9.478848469133847043e-01
1.924849925663603134e-01,9.428940181353567818e-01,-2.718462767839383565e-01,9.762777158755606699e-01,-1.560134764329925705e-01,1.501386581000697662e-01,-9.915315991699757969e-02,2.942969006562140555e-01,9.505566711893725929e-01
1.904480203985406406e-01,9.479830771614545792e-01,-2.550639859756289041e-01,9.731526616569501353e-01,-1.481012044184485954e-01,1.761815267268344587e-01,-1.292418223187467852e-01,2.817696198409325725e-01,9.507378359455491701e-01
-1.453601447962543647e-01,-9.344214139157276389e-01,3.251569613595020614e-01,9.885937630477212856e-01,-1.502664144637060883e-01,1.011811975457052593e-02,3.940558295417175699e-02,3.229189153641428001e-01,9.456059296197795172e-01
-1.494252169285758547e-01,-9.220567749736278129e-01,3.570481876036923352e-01,9.875837134884092317e-01,-1.568811044158600621e-01,8.168716527368447000e-03,4.848209358404931280e-02,3.538355872470904107e-01,9.340502469349358794e-01
-1.522505302382691772e-01,-9.270197526966061918e-01,3.427158504541182316e-01,9.872795523446291632e-01,-1.587241105873342106e-01,9.259710602840670601e-03,4.581333391442429098e-02,3.397661472668860316e-01,9.393934764554534578e-01
2.639364621526426591e-01,-8.796209333145975640e-01,3.957329372456924732e-01,9.645189996407133037e-01,2.379821673310503205e-01,-1.143135484730218032e-01,6.375208108330509757e-03,4.118634503171804684e-01,9.112232739644016144e-01
3.326494955267611520e-01,-8.455102959385785155e-01,4.176800840208324539e-01,-9.427984709264354279e-01,-2.879240456595169029e-01,1.680201986364509847e-01,2.180266829007939181e-02,4.496799788659872621e-01,8.929236027021115740e-01
-7.488188788342520219e-01,6.334214410778530313e-01,-1.950578495838339033e-01,6.252532176898617511e-01,7.727586671201115420e-01,1.090983783528546164e-01,-2.198378958912406977e-01,4.026562272713787860e-02,9.747050729100099620e-01
8.079218977355379083e-01,-5.511344495389861597e-01,2.085977605123456036e-01,-5.616528736311577896e-01,-8.273066399198921728e-01,-1.047726521189339469e-02,-1.783486941395138192e-01,1.086947196317115255e-01,9.779453978739883757e-01
8.623246819382621720e-01,5.014091178311662622e-01,-7.060481198789921031e-02,5.042608949830829079e-01,-8.376974071676953626e-01,2.097236367589028205e-01,-4.601187575979962668e-02,2.164531140461868619e-01,9.752081607066118707e-01
9.209508481870714025e-01,3.821627810667359570e-01,-7.616524135622373959e-02,3.885618331743936893e-01,-8.858110069169964351e-01,2.536898930285791387e-01,-2.948282591049191520e-02,2.632308279667018303e-01,9.642822689359669130e-01
-8.049802690007495931e-02,-9.056215272232613911e-01,4.163768930848619765e-01,9.647983852779770109e-01,3.413412133788096270e-02,2.607660589982889743e-01,2.503680159888701517e-01,-4.227109073472063994e-01,-8.709944577203108107e-01
-4.191996649483777093e-02,-8.831159452423953393e-01,4.672782293962582378e-01,9.826499719620471751e-01,4.812997569786972574e-02,1.791159904707304851e-01,1.806702770575725481e-01,-4.666794753339309487e-01,-8.657762518630243154e-01
-8.405065836038042026e-02,-9.035317112755608671e-01,4.201974935059028526e-01,-8.309717831865323090e-01,-1.691676540611972424e-01,-5.299699994973545714e-01,5.499285247893415107e-01,-3.937165878381144735e-01,-7.365907045871071812e-01
-3.551713644660987879e-02,-8.849114909149848884e-01,4.644030429112752101e-01,-8.464406560385580036e-01,-2.204108669415031641e-01,-4.847239065066943908e-01,5.312972320873208254e-01,-4.103056214344544816e-01,-7.411967000706614073e-01
6.188006660456366048e-02,-7.629657812196314337e-01,6.434703365695517707e-01,-2.846751199829404833e-01,-6.314176331874769010e-01,-7.212987235276537845e-01,9.566247610320949279e-01,-1.385459822147223075e-01,-2.562695405085135825e-01
5.624221163086091241e-02,-7.496719521419626941e-01,6.594154819251119015e-01,-2.892580182135870426e-01,-6.443701054117333404e-01,-7.078961549202109627e-01,9.555975159710378142e-01,-1.509275701233200873e-01,-2.530894230240621767e-01
1.594252568382812929e-01,-5.057174916066539128e-01,8.478404367362541993e-01,-1.652393106416327750e-01,8.330391687643308174e-01,5.279599544691915280e-01,9.732828765064790444e-01,2.242667206419776682e-01,-4.924307374410263199e-02
1.082718194759924313e-01,-5.439612758125405012e-01,8.320957538190854041e-01,-1.473575146158387916e-01,8.189881795127728070e-01,5.545666097995780586e-01,9.831393471902146741e-01,1.826594980688062975e-01,-8.516558674181912147e-03
1.569238866092317330e-01,6.156220677613146730e-01,7.722592592495972630e-01,1.385858258076295146e-01,-7.879363357364944642e-01,5.999585816632374557e-01,9.778388735863748904e-01,1.287635474153642212e-02,-2.089625248505094235e-01
1.371686472622070663e-01,6.406473265201624301e-01,7.554837954786484122e-01,1.124488433487312172e-01,-7.678336871741773262e-01,6.307033268265199721e-01,9.841443084414949194e-01,-1.559443194283971490e-03,-1.773627590536838161e-01
1.449030916680755787e-01,6.299779359257535738e-01,7.629750286030076989e-01,1.175648517889435335e-01,-7.766130310261772918e-01,6.189109028480410668e-01,9.824365626588196232e-01,1.694286661640953540e-05,-1.865968918928239406e-01
5.472739677972705552e-01,8.369373612292849707e-01,5.201687225632564693e-03,5.754318375129650054e-01,-3.807738449861606256e-01,7.238020995761947907e-01,6.077576857168364155e-01,-3.931248304966457052e-01,-6.899880166344184440e-01
6.242585147862439454e-01,7.799293586849970206e-01,-4.484977344516305475e-02,-5.709970188488877607e-01,4.163408207062489486e-01,-7.075469775776940251e-01,5.331638689770301642e-01,-4.673013122973832534e-01,-7.052416411008269881e-01
8.062894296039306852e-01,4.662940908734197198e-01,-3.639604051617429947e-01,5.861137424831524001e-01,-5.467774301780606860e-01,5.979173209736191597e-01,-7.979997857996075361e-02,6.954166108631626431e-01,7.141622369981701635e-01
8.290718321933377988e-01,4.403025243234426900e-01,-3.446354365673757747e-01,5.232392972515931273e-01,-8.282461263352750569e-01,2.005716630590443084e-01,1.971307557821471435e-01,3.466151198159365121e-01,9.170591168729219644e-01
8.162749641621532826e-01,4.512437295840410201e-01,-3.606581198214729445e-01,5.652442732178790674e-01,-7.526926894658136913e-01,3.375686994066720570e-01,1.191389712750073882e-01,4.794088148290612805e-01,8.694671320916784740e-01
8.215303720296550649e-01,4.464253810848158310e-01,-3.546719991148066242e-01,5.452205024015223112e-01,-7.970775621536243527e-01,2.596188815788758042e-01,1.668006342729193014e-01,4.066592419145440007e-01,8.982236967324120913e-01
-7.527670062530648076e-01,5.638716109186937553e-01,-3.396919791469255046e-01,-1.345198372498939421e-01,3.733711595789788729e-01,9.178771108274302870e-01,6.443960332614254716e-01,7.366429145757162900e-01,-2.052095726868850556e-01
-7.673514799953342624e-01,5.401406316998472734e-01,-3.455717062142965035e-01,-7.055888934055412620e-02,4.645239618530296877e-01,8.827451115692415140e-01,6.373328402679383498e-01,7.017589235993049179e-01,-3.183414265607720228e-01
-7.644508202916613371e-01,5.457696265956338832e-01,-3.431478661467503577e-01,-7.652125367625614571e-02,4.516960603300249066e-01,8.888842257674213210e-01,6.401245512329766241e-01,7.057663804461050683e-01,-3.035364477962791963e-01
9.066807495610264001e-01,-3.709166560054477646e-01,2.008752166724187826e-01,3.600814876732928993e-01,4.325448349839632334e-01,-8.265871327111763422e-01,-2.197073977144215484e-01,-8.217820879201690465e-01,-5.257402964992552441e-01
8.835952056045551783e-01,-3.990087977860672930e-01,2.450540591827881365e-01,4.078077165801217707e-01,3.985563915051553718e-01,-8.214899080865794012e-01,-2.301138390674301037e-01,-8.257994805518509285e-01,-5.148813834175226534e-01
9.022089826845846039e-01,-3.556494552726604530e-01,2.439926567081610043e-01,3.951429256709048099e-01,4.548605459103703952e-01,-7.981002143004082283e-01,-1.728612734405380880e-01,-8.164651546381996861e-01,-5.509116366588530100e-01
8.830777723799720924e-01,-3.642426749852331058e-01,2.958055470203844739e-01,-4.336119234114441112e-01,-3.925560962396448250e-01,8.110982746748505168e-01,1.793163344591200414e-01,8.445276697803885124e-01,5.045975298903593309e-01
8.157243280596299106e-01,-4.161867710376054852e-01,4.017242738806770519e-01,5.372713195349647641e-01,2.878188197340083576e-01,-7.927798283332393448e-01,-2.143206705309200211e-01,-8.625247234834571008e-01,-4.583860289788104780e-01
8.035419051147961733e-01,-3.976110194109088170e-01,4.429739089015315989e-01,-5.523115349187399659e-01,-2.205160414058013607e-01,8.039431844840905228e-01,2.219738162941514992e-01,8.906616376187607154e-01,3.967990324510347055e-01
8.082562255361958048e-01,-4.026895073940757186e-01,4.296080009924146959e-01,-5.471520334753711134e-01,-2.440155000962775933e-01,8.006753948864230308e-01,2.175925691418446606e-01,8.822117638908925086e-01,4.175594299100084950e-01
7.287812865470288948e-01,-4.321661324231274581e-01,5.311405373018455167e-01,-6.671972391567091432e-01,-2.736842907790203450e-01,6.927804508229502556e-01,1.540314267950616267e-01,8.592609283373831008e-01,4.877960399513888157e-01
6.944182594281804732e-01,-4.207116347674267898e-01,5.837679344945694293e-01,-6.938506549454789285e-01,-1.765257671389254823e-01,6.981474931328941480e-01,1.906686906769607670e-01,8.898541306907181703e-01,4.144937592873989551e-01
7.074520101944633543e-01,-4.240323127442186535e-01,5.654274940437560293e-01,-6.846561312170829083e-01,-2.126497195139534502e-01,6.971557062647435465e-01,1.753785484563860630e-01,8.803276063713019184e-01,4.407557942919240745e-01
8.345476606939238318e-01,-3.115193987230607253e-01,4.544071591090107498e-01,-5.505088720600527230e-01,-4.390562714656833787e-01,7.100489928658585415e-01,2.168372231577129702e-02,8.427248985913936563e-01,5.379075770805405998e-01
7.973805885661149340e-01,-3.108770900729130870e-01,5.172423337718548009e-01,-6.030427213444962131e-01,-3.779684619244825794e-01,7.024808310721835092e-01,2.288390725774426190e-02,8.720638030891084691e-01,4.888568810300003009e-01
8.079660113940499988e-01,-3.086399328142221954e-01,5.019285968187329194e-01,-5.887840076415935542e-01,-3.897920541929992821e-01,7.080928942119850689e-01,2.289796448363164150e-02,8.676425222177818197e-01,4.966609878600010131e-01
9.116037917894629361e-01,-1.855183556076139828e-01,3.668262075257436861e-01,-4.081614112965899488e-01,-5.144685345865475101e-01,7.541395025118006190e-01,-4.881382102897677266e-02,8.372007325922602439e-01,5.447129007316915406e-01
8.802175995102271555e-01,-2.012619519789706213e-01,4.297797158988171939e-01,-4.721582840514809698e-01,-4.625870925565929159e-01,7.503863915354533898e-01,-4.778631931855088083e-02,8.634273614413967568e-01,5.022047980658219668e-01
8.900519850479390316e-01,-1.964172656675026996e-01,4.113729714747011990e-01,-4.533199554565521261e-01,-4.764757076664905000e-01,7.533073197497731632e-01,-4.804666374570965015e-02,8.569662523993689662e-01,5.131280155589714731e-01
9.499194330694106236e-01,-1.494493261022773190e-01,2.744411951669523120e-01,-3.084829459289671338e-01,-5.887373055563316360e-01,7.471456732908634546e-01,-4.991335240269903495e-02,7.943886227620876594e-01,6.053555759040119000e-01
9.294282569574260355e-01,-1.496427055605202838e-01,3.372983484122155096e-01,-3.649386760683611119e-01,-5.080542858238185078e-01,7.801926719506672159e-01,-5.461572922293233406e-02,8.482263278916641891e-01,5.268104201635253059e-01
9.362960932900802336e-01,-1.465382265021744623e-01,3.191804722462360244e-01,-3.468228982680646166e-01,-5.289962959106961904e-01,7.745171374151136323e-01,-5.534891983293398904e-02,8.358764664029966207e-01,5.461199776486549418e-01
7.938415242715501918e-01,-3.519495522241926078e-01,4.959305869085030571e-01,-5.956824643151350518e-01,-2.859118078258121587e-01,7.506109777063106892e-01,1.223847868391733790e-01,8.912833168162443975e-01,4.366188419151926237e-01
7.750258601106073675e-01,-3.335525854669467716e-01,5.367285989102202892e-01,-6.224150236613995579e-01,-2.560928078668031627e-01,7.396053083094222824e-01,1.092449288543526076e-01,9.072811838053357336e-01,4.060866890608405555e-01
5.231230948814283854e-01,-6.429985514648709488e-01,5.593702623627335724e-01,7.321165767721398154e-01,3.047325659684452931e-03,-6.811725418877128124e-01,-4.362883743776811984e-01,-7.658613298896876920e-01,-4.723440247981119389e-01
5.038367537135424179e-01,-6.070162564456836884e-01,6.145565799973726762e-01,7.556092987073397271e-01,-3.503760355781334462e-02,-6.540848217501515904e-01,-4.185727097105128580e-01,-7.939166396716931251e-01,-4.410138954024070967e-01
5.110659196243126923e-01,-6.149239926689002989e-01,6.005664901063775263e-01,7.517380712508290319e-01,-1.902369810510050330e-02,-6.591873566312457244e-01,-4.167751168563676445e-01,-7.883568875519155750e-01,-4.525394124480398572e-01
-3.759971146423402022e-01,7.450761677003320260e-01,-5.508971538369222820e-01,-6.947582572600495832e-01,1.667098154365119766e-01,6.996562022923136226e-01,-6.131371247523782486e-01,-6.458090598327889120e-01,-4.549654102107938414e-01
-3.353562517379535812e-01,7.097898116736519603e-01,-6.194631608615251972e-01,7.267816933143496083e-01,-2.234629198839243602e-01,-6.495018812136558184e-01,5.994368646349648166e-01,6.680290013773597657e-01,4.409225540107586383e-01
-5.391573242226490453e-02,-7.838862359879895658e-01,6.185591829614627279e-01,5.197236116796527527e-01,-5.509701527176373848e-01,-6.529312814354669703e-01,8.526314920644372242e-01,2.862765443463453074e-01,4.371101450402251065e-01
-1.169336482717237974e-01,-7.206483122272074882e-01,6.833685184334600260e-01,4.542179014871289833e-01,-6.507131792104143830e-01,-6.084886657699581924e-01,8.831832311986531625e-01,2.392454147647397333e-01,4.034216301136491767e-01
-1.023364895773101191e-01,-7.364302175061159250e-01,6.687284782666937932e-01,4.671978305286619837e-01,-6.290822501483278595e-01,-6.212742628643393994e-01,8.782103563784161571e-01,2.488494671326652863e-01,4.084366690901831687e-01
7.285521501103545683e-01,4.759614582349366296e-01,-4.926179603348336822e-01,-3.420774300476026042e-01,8.758705648465808791e-01,3.403436285393910965e-01,5.934600209126196235e-01,-7.944459648210133729e-02,8.009330556720637428e-01
-6.969542061307683056e-01,-4.630029022840512765e-01,5.476158754393211092e-01,-2.765863627959197490e-01,8.781083824106320490e-01,3.904172801702122109e-01,6.616304243850590350e-01,-1.206398823636985751e-01,7.400616192664761783e-01
-7.060075087956427797e-01,-4.728644388190869075e-01,5.272121205212195738e-01,-2.895626766633567217e-01,8.721061055149869068e-01,3.944418803918207095e-01,6.463024476262823059e-01,-1.258179765526095117e-01,7.526373515634765532e-01
-1.315277226397691679e-01,6.294108981244692647e-01,7.658605483371923039e-01,-6.269667475106339705e-01,-6.512454419409081652e-01,4.275418948677757736e-01,7.678627193015253871e-01,-4.239354852726300860e-01,4.802765335028631455e-01
-2.620093201668903804e-01,4.274065378716965791e-01,8.652599421735723828e-01,-5.815279959473175220e-01,-7.854476029745798282e-01,2.118897187477089272e-01,7.701793986307218232e-01,-4.476557989862485210e-01,4.543434599053923217e-01
8.923068162107862522e-02,6.015819797976441619e-01,7.938116949504997466e-01,-4.069907947796814751e-01,-7.053945490925214168e-01,5.803249288761954672e-01,9.090634622632465245e-01,-3.748568415986369695e-01,1.818954916556581314e-01
2.642652979576376460e-01,4.705894672043265392e-01,8.418488021323718984e-01,9.604731784454583199e-01,-4.922630550391265958e-02,-2.739854819754398707e-01,8.749357566267174091e-02,-8.809780497848874736e-01,4.649973656000390698e-01
2.014620165302795640e-01,3.055547939068420371e-01,9.306177108867531578e-01,5.825715084211792183e-01,-8.011614498432616527e-01,1.369334468306225294e-01,7.874157056291327672e-01,5.145644752658217191e-01,-3.394111184433773465e-01
1.805835586325149067e-01,2.735396194049556917e-01,9.447569290391099051e-01,-6.693570619061531835e-01,7.379782929634282063e-01,-8.572725815717657794e-02,7.206599073265970157e-01,6.168987888872672354e-01,-3.163624222967127420e-01
