-3.132094417257792751e-02,9.868022307530440740e-01,1.588721367545436469e-01,1.047251865628546635e-01,-1.548352450957665716e-01,9.823740032062688865e-01,9.940078640310219260e-01,4.740679547227434620e-02,-9.849346164866175368e-02
-3.107680764848279667e-02,9.877679721851257977e-01,1.528027000797553825e-01,1.070475695791113235e-01,-1.487080629578266533e-01,9.830700533830422083e-01,9.937681066896769666e-01,4.690783662263219023e-02,-1.011167888621860994e-01
-3.668010900866584822e-02,9.970766168108380345e-01,6.702827621359037924e-02,1.053057209130732474e-01,-6.284345158888013372e-02,9.924522183638735395e-01,9.937631884639773761e-01,4.346171650371182665e-02,-1.026927672840724504e-01
-3.957454234818953004e-02,9.980697001309303262e-01,4.786156368618373763e-02,1.074725013588375827e-01,-4.336959781221725457e-02,9.932616671538683217e-01,9.934201110555426206e-01,4.445167787791357017e-02,-1.055487152182924687e-01
-4.975646214097214498e-02,9.981722384593831876e-01,-3.429980822392651035e-02,1.066778693944818585e-01,3.945724873875455091e-02,9.935104215373999903e-01,9.930478974634951994e-01,4.577453321391911772e-02,-1.084461407906244512e-01
-5.201338986927588059e-02,9.971600423712775330e-01,-5.446519230130700273e-02,1.070413573453571632e-01,5.979164695323157391e-02,9.924550905568895187e-01,9.928931237006177746e-01,4.579092544087515898e-02,-1.098473306698799223e-01
-5.663817398198311981e-02,9.939607363317413125e-01,-9.399027544831060899e-02,1.055092486519524364e-01,9.957310803188501591e-02,9.894205347605088408e-01,9.928040671234620307e-01,4.612212904597120383e-02,-1.105116894965401525e-01
-5.904562964502189232e-02,9.935242122085028438e-01,-9.707344320305170970e-02,1.064135418984122478e-01,1.029534228088364867e-01,9.889776290860069485e-01,9.925672630711019906e-01,4.806487789871310284e-02,-1.118033800567944935e-01
-5.058893827530515364e-02,9.987142336102571294e-01,-3.261733964274986415e-03,1.145457974093335857e-01,9.046512749441583054e-03,9.933767769094130617e-01,9.921290337552052252e-01,4.988025853331688741e-02,-1.148561717480266753e-01
-4.651186737424586881e-02,9.981803632403929427e-01,3.837458318519852696e-02,1.183200315984782175e-01,-3.264053733586815692e-02,9.924388975876352603e-01,9.918855863031259545e-01,5.070066827668999465e-02,-1.165865597759937755e-01
-3.736830561872220985e-02,9.923942200051810714e-01,1.172916102519437204e-01,1.258107942755145869e-01,-1.117675555814679200e-01,9.857381282892062613e-01,9.913502175210082701e-01,5.159191428558941583e-02,-1.206773408780558443e-01
-2.338250032951008639e-02,9.711971072928575754e-01,2.371274709187571328e-01,1.327193209090723469e-01,-2.320773107981083383e-01,9.636003858810728850e-01,9.908778131211610773e-01,5.400278324960345461e-02,-1.234700727525549352e-01
-1.763594224887567175e-02,9.531789834198178823e-01,3.018920322031646841e-01,1.360154819193177267e-01,-2.968449480537329044e-01,9.451893278561879219e-01,9.905497272824066446e-01,5.773129464804099831e-02,-1.244119584244657711e-01
-1.304664370059513759e-02,9.348485966770060385e-01,3.548068296681761713e-01,1.395388840015932830e-01,-3.496627262129756164e-01,9.264258619818960261e-01,9.901306403398185685e-01,6.159609718433522313e-02,-1.258858048864855417e-01
-1.176841918336968794e-02,9.242387733251195003e-01,3.816335863002663364e-01,1.436663799631791860e-01,-3.761373406649450857e-01,9.153582207124041359e-01,9.895562013237043653e-01,6.560023506041179342e-02,-1.283554968897662740e-01
-1.090656146943308306e-02,9.101797756240459503e-01,4.140698286060874866e-01,1.470463103645015257e-01,-4.081326586143571578e-01,9.010022838930892286e-01,9.890694765915587494e-01,7.071427732316623582e-02,-1.293872538450451526e-01
-1.151250162801962205e-02,9.017396520234036705e-01,4.321262110483185537e-01,1.530666335205344841e-01,-4.254723642931288463e-01,8.919326616541773944e-01,9.881488086361055467e-01,7.641248060052770186e-02,-1.331280015605985911e-01
-1.025352260967289132e-02,8.929494944538826084e-01,4.500400711366139839e-01,1.603371108752372765e-01,-4.427721493959314580e-01,8.821818602734295967e-01,9.870090557590008862e-01,8.120359643428785856e-02,-1.386329678534745646e-01
-1.129792275146179401e-02,8.900752543798284844e-01,4.556735657048648913e-01,1.671711175224207258e-01,-4.476078434073631485e-01,8.784651592331447212e-01,9.858631621111555443e-01,8.610029071317513993e-02,-1.437378361159640239e-01
-1.778129501122239359e-02,8.969009957082358930e-01,4.418737709406375669e-01,1.753847521384130359e-01,-4.322933869208830937e-01,8.845126434041624686e-01,9.843393796171473475e-01,9.322570204641522640e-02,-1.496160225807440791e-01
-2.197380032835316577e-02,8.961032056689822722e-01,4.433014740432327794e-01,1.848597017106722307e-01,-4.321208387023759423e-01,8.826655490289607719e-01,9.825192327799857628e-01,1.013440947906119327e-01,-1.561580342745786942e-01
-2.685519396637350148e-02,9.015597312244274519e-01,4.318203904305202290e-01,1.967914203446306798e-01,-4.187548342087943909e-01,8.865198958317338507e-01,9.800775150138745229e-01,1.087862117242054949e-01,-1.661734777361447979e-01
-3.137348949955682392e-02,9.074069489980614023e-01,4.190803420188670136e-01,2.108087689798432973e-01,-4.038475298063600727e-01,8.902060635552331291e-01,9.770237290249528250e-01,1.162746815920409904e-01,-1.786192356462350250e-01
-3.861630614007114520e-02,9.129308504583336648e-01,4.062832056355757948e-01,2.269308792316715451e-01,-3.879507574938061976e-01,8.933065463832233766e-01,9.731449824929665482e-01,1.266944041440074276e-01,-1.921909753535740450e-01
-4.773283207172876463e-02,9.214071671245750439e-01,3.856558169065749664e-01,2.477909960738741979e-01,-3.631039209215042307e-01,8.981955048184929735e-01,9.676369148637984363e-01,1.384354542120466436e-01,-2.109844212494726701e-01
-6.254932714103159097e-02,9.316981763341848355e-01,3.578073362715730177e-01,2.790293462258633950e-01,-3.278882963485116875e-01,9.025696034447632243e-01,9.582432914552394543e-01,1.562938685080923484e-01,-2.394619407083381502e-01
-7.957426035710749024e-02,9.380919662156710359e-01,3.371222330405331258e-01,3.237247574612972523e-01,-2.955445607629174631e-01,8.988079294321333901e-01,9.427991400586044346e-01,1.806567893135228031e-01,-2.801658544142840990e-01
-1.077069731484220222e-01,9.434061510061186873e-01,3.136623059582149264e-01,3.978831437095075030e-01,-2.482252835494747345e-01,8.832175341095886978e-01,9.110917691907027827e-01,2.199296315883850217e-01,-3.486298112071782862e-01
-1.494401134636926531e-01,9.527495384449133908e-01,2.644540971151007613e-01,4.951614587885145302e-01,-1.593926071696408486e-01,8.540545219774288155e-01,8.558520796366558825e-01,2.585774811785996330e-01,-4.479452020157623782e-01
-2.149875644161201860e-01,9.549260464542339566e-01,2.046865724704751699e-01,6.078925130557235601e-01,-3.318971060070963902e-02,7.933253655852929853e-01,7.643605430143697310e-01,2.949825230645498619e-01,-5.733570191157082441e-01
3.042881965103491626e-01,-9.438627737189999589e-01,-1.285758836327988430e-01,-6.867880134651089818e-01,-1.238438769720613258e-01,-7.162296549970398329e-01,6.600991728711140816e-01,3.062446057059696192e-01,-6.859178693188178189e-01
4.142542920082472602e-01,-9.093933390659197924e-01,-3.737828801969544923e-02,-6.964384082449434077e-01,-2.902722286004090213e-01,-6.562892478355878412e-01,5.859751915175210879e-01,2.979023131261141488e-01,-7.535829660761417248e-01
5.267827890146554726e-01,-8.482797980396201698e-01,5.404884305702167824e-02,-6.691950468687491993e-01,-4.530973812442544157e-01,-5.889658329274550796e-01,5.240972070563564289e-01,2.740878460411192430e-01,-8.063485413940214563e-01
6.070200177446304357e-01,-7.863048183300120897e-01,1.151148588511268778e-01,-6.371336203113916463e-01,-5.681163552657843008e-01,-5.208690399211887145e-01,-4.749604698563957283e-01,-2.428343870841354335e-01,8.458392356253430222e-01
6.440893442878916630e-01,-7.502365538243980225e-01,1.493118544539735471e-01,-6.171923154509315612e-01,-6.249943859864317552e-01,-4.779703581120497424e-01,-4.519099050951543295e-01,-2.157014853707184543e-01,8.655924600444219186e-01
6.719814223777930140e-01,-7.192792460820446321e-01,1.762904822580146913e-01,-5.992513703250669233e-01,-6.679897381569975812e-01,-4.412340703985527801e-01,-4.351307425850848287e-01,-1.908587851595802409e-01,8.799057682415551973e-01
6.964546996863233419e-01,-6.891985721167641632e-01,1.998904186724471121e-01,-5.811972033371213264e-01,-7.051292028775146825e-01,-4.062051428557120203e-01,-4.209045760239983891e-01,-1.667277284723023001e-01,8.916508298883172312e-01
7.154536826703210561e-01,-6.668982174189337364e-01,2.082613635721328182e-01,-5.725764944571904991e-01,-7.304960524920599552e-01,-3.721984353656428990e-01,-4.003525770475201973e-01,-1.470451797814741057e-01,9.044863344210588574e-01
7.324522997051912121e-01,-6.481735233874068580e-01,2.082899715207892632e-01,-5.651092182932034858e-01,-7.494383963555957262e-01,-3.449545788477049180e-01,-3.796909270138289494e-01,-1.349561915864105899e-01,9.152167100178356662e-01
7.398415230021562206e-01,-6.419584455196718498e-01,2.013054273183318976e-01,-5.692718822435626214e-01,-7.568004176070944888e-01,-3.212205659614568720e-01,-3.585582866546543901e-01,-1.230547932251874060e-01,9.253612661742357526e-01
7.403973910297956262e-01,-6.436300219338461082e-01,1.937836376521738790e-01,-5.830089200635166780e-01,-7.584027639858208492e-01,-2.914203951425484163e-01,-3.345329617282040702e-01,-1.027893109428412166e-01,9.367614718129969598e-01
