-4.379225519411669709e-01,6.666032801715374712e-01,-6.032113272857886344e-01,8.062085516214104186e-02,6.973867185585008732e-01,7.121460822690323100e-01,8.953904825350006425e-01,2.632334166528884078e-01,-3.591434979823327489e-01
-4.407366271710951855e-01,6.603948056313825310e-01,-6.079719781083134933e-01,9.776308607476133505e-02,7.085889322189158346e-01,6.988162162815024780e-01,8.922968141100727779e-01,2.485566853495299600e-01,-3.768633302631989035e-01
-4.666605461911859654e-01,6.361730661759779082e-01,-6.144198601126095172e-01,2.890177788196863357e-02,7.053000481172958525e-01,7.083195107866234741e-01,8.839641519110404966e-01,3.127869434583144814e-01,-3.475222383361961653e-01
-5.023842411982228917e-01,6.360279921700719985e-01,-5.857290050627445011e-01,-3.479559323452718900e-02,6.620013042310788354e-01,7.486945571378277320e-01,8.639440612025428567e-01,3.965131351827544948e-01,-3.104480515970413634e-01
-5.377077272580885747e-01,6.359067906238627943e-01,-5.536180575860938369e-01,-1.088453232657034669e-01,5.987717008033339727e-01,7.934892223088272356e-01,8.360760106892944910e-01,4.869240227751567840e-01,-2.527486901931104146e-01
-5.471233694587150920e-01,6.245555834365257297e-01,-5.573027380072734793e-01,-4.290118497467913516e-01,3.624680589387638263e-01,8.273848796213292278e-01,7.187522879052136160e-01,6.917710816790668682e-01,6.962700039205389768e-02
-5.564862827932079981e-01,5.986563949935312934e-01,-5.761367353296843463e-01,6.704136618792975177e-01,-8.606713181830841219e-02,-7.369789486723219429e-01,4.907835969432848278e-01,7.963686141190643442e-01,3.534522477188290490e-01
5.734694134640908603e-01,-5.755616001107818347e-01,5.829765658232477499e-01,7.351112642084713933e-01,4.744206283267158458e-02,-6.762844667061362891e-01,-3.615857589216891488e-01,-8.163810967630846793e-01,-4.503083874334665171e-01
5.751054018777496113e-01,-5.547766337992475760e-01,6.012292934658185484e-01,7.615559318403449796e-01,9.462182762451641638e-02,-6.411546400173523397e-01,-2.988081983644625406e-01,-8.266012317480371241e-01,-4.769109605186404588e-01
5.696147942734862690e-01,-5.299677482820277508e-01,6.282301902373454983e-01,7.862034786053578861e-01,1.284805334558442869e-01,-6.044640955025671891e-01,-2.396311256360673103e-01,-8.382284523349107230e-01,-4.898468998805772245e-01
5.663078922155688755e-01,-5.208421969758268988e-01,6.387634750545408968e-01,7.938089754567316803e-01,1.361833253123422571e-01,-5.927237234928315335e-01,-2.217265922227041330e-01,-8.427203022096159124e-01,-4.905709026685542984e-01
5.797077392126184225e-01,-5.082948748975951725e-01,6.368479074707182885e-01,7.891121809505852180e-01,1.554233115832845957e-01,-5.942605153397760853e-01,-2.030785635472276973e-01,-8.470418610489824918e-01,-4.912017738753305385e-01
5.907611425997656429e-01,-4.998688981458247471e-01,6.333501062293258599e-01,-7.844481891446326571e-01,-1.721636378299858661e-01,5.958193689003841165e-01,1.887917131177270225e-01,8.488172750808176126e-01,4.938288393587897951e-01
5.952955152325313248e-01,-4.966661481571387204e-01,6.316217118012854570e-01,-7.824930616251692950e-01,-1.797425973907380570e-01,5.961520000735551772e-01,1.825591905451598718e-01,8.491262190970094714e-01,4.956377770000126026e-01
5.921479606986413957e-01,-4.956406341522968662e-01,6.353748141196263743e-01,-7.861189147411411504e-01,-1.819806523588479164e-01,5.906776566396081396e-01,1.771379251505766639e-01,8.492487291389708703e-01,4.973919496023144760e-01
5.779765255461407625e-01,-5.001346955981025300e-01,6.448320883583608110e-01,-7.965174761593486474e-01,-1.738802146799705295e-01,5.790730360805874666e-01,1.774909746729481375e-01,8.483106489970763109e-01,4.988647078194710649e-01
5.613136224691316345e-01,-5.070335831578248742e-01,6.540978235560167553e-01,-8.074387644541174414e-01,-1.621090395460206279e-01,5.672418363927991258e-01,1.815754908774572518e-01,8.465445084858822522e-01,5.003925821442667399e-01
5.444518924490008294e-01,-5.145387200381689174e-01,6.624364440383582187e-01,-8.174036961774042709e-01,-1.482591665808479509e-01,5.566600551506014627e-01,1.882108771676593850e-01,8.445526183170801726e-01,5.013058354034439779e-01
5.279996019897118531e-01,-5.210795199101982966e-01,6.705911975480016718e-01,-8.271725272957710651e-01,-1.366933148844093060e-01,5.450693054585247221e-01,1.923591182809711586e-01,8.424909919969878480e-01,5.031966792598084881e-01
5.028306112592613175e-01,-5.276028888596809852e-01,6.846872045303288301e-01,-8.418179632621811681e-01,-1.190878945366058428e-01,5.264604354592574698e-01,1.962240890149586636e-01,8.411024105551936358e-01,5.040266281145195926e-01
4.729370265195043666e-01,-5.324263222875108559e-01,7.020347429310642706e-01,-8.581735304275157628e-01,-9.778722145199855720e-02,5.039601680631830005e-01,1.996716319872794965e-01,8.408090571919962786e-01,5.031613744351237649e-01
4.404024049299484767e-01,-5.350572773626866008e-01,7.209434316734888437e-01,-8.743482119373123806e-01,-7.326724451050722897e-02,4.797365059737085380e-01,2.038649700511151186e-01,8.416327113551766992e-01,5.000934444311297966e-01
4.070916372642394698e-01,-5.356753325690455370e-01,7.398164211117262967e-01,8.896564698206665955e-01,4.911312137295173463e-02,-4.539815712286511262e-01,-2.068520354643624548e-01,-8.429945666408817928e-01,-4.965605663342610443e-01
3.728965179310718692e-01,-5.342567012358895306e-01,7.586290029384765710e-01,9.041970981249072281e-01,2.571327856753322094e-02,-4.263407499264004752e-01,-2.082685637761470532e-01,-8.449311241100389003e-01,-4.926617509537013495e-01
3.509793668153836088e-01,-5.324068249664580810e-01,7.702963434932088571e-01,9.127709447833473044e-01,1.095520668666521980e-02,-4.083248532795520358e-01,-2.089561830365105344e-01,-8.464177196724955721e-01,-4.898105321399537915e-01
3.388892952426977856e-01,-5.317169641928787271e-01,7.761643611757866879e-01,9.173119760810072298e-01,3.449272292381622140e-03,-3.981542930309949768e-01,-2.090281897454648041e-01,-8.469150916769413451e-01,-4.889192605958288529e-01
3.287416376524336936e-01,-5.310729590045842885e-01,7.809548308882604539e-01,9.208293487386298715e-01,-3.425077099818318871e-03,-3.899507396434217510e-01,-2.097671236757261415e-01,-8.473191730752794859e-01,-4.879016015180083210e-01
3.097394220086296945e-01,-5.307408972058619279e-01,7.889078466379182419e-01,9.274223678102802015e-01,-1.429879212323292847e-02,-3.737422858454605423e-01,-2.096407454168523199e-01,-8.474135027110043517e-01,-4.877920799727411549e-01
2.917155633859341846e-01,-5.307538030710508004e-01,7.957401778244219681e-01,9.335641453401398726e-01,-2.312223659130394071e-02,-3.576637369238735986e-01,-2.082306812498123383e-01,-8.472105775429340513e-01,-4.887476042760797723e-01
2.701075893035081998e-01,-5.305864503151630496e-01,8.034425361795344278e-01,9.404968902195129932e-01,-3.328954490733082583e-02,-3.381677182808678905e-01,-2.061734456424321738e-01,-8.469768739120436818e-01,-4.900231477900906518e-01
2.394103262220451667e-01,-5.290246605087850496e-01,8.141348808838859696e-01,9.492979321692064376e-01,-4.842750116273811245e-02,-3.106255190907574737e-01,-2.037550776729830926e-01,-8.472235157883061252e-01,-4.906079724360162819e-01
2.075988115685405977e-01,-5.273729314942303681e-01,8.238813777252836923e-01,9.573836829391910719e-01,-6.334623667669925240e-02,-2.817866887216113891e-01,2.007964568340791511e-01,8.472691694060876522e-01,4.917476359849616840e-01
1.721322066743881940e-01,-5.252355639436628865e-01,8.333655295212230030e-01,9.646296984034279376e-01,-8.158651132919036986e-02,-2.506654865098966734e-01,1.996498143838782990e-01,8.470367427319278608e-01,4.926141574077714802e-01
1.389113717050826646e-01,-5.229750868649962747e-01,8.409522515158407430e-01,9.695748814357495471e-01,-1.010183796991939720e-01,-2.229794525327433441e-01,2.015643324099399836e-01,8.463405611699693631e-01,4.930309061495398160e-01
1.008875406364494048e-01,-5.212633019994999950e-01,8.474115140431519588e-01,9.736287686237244943e-01,-1.234504400212937947e-01,-1.918515305302475604e-01,2.046184865855927293e-01,8.444196580179351708e-01,4.950623355702739037e-01
5.640164752231661971e-02,-5.174156474691600227e-01,8.538734694969964956e-01,9.760641966624634680e-01,-1.513459600951393980e-01,-1.561828555141057673e-01,2.100417533502039191e-01,8.422442924217117266e-01,4.964947267923615071e-01
1.471591609582208540e-02,-5.111099707475140752e-01,8.593893411114291725e-01,9.759121093805134262e-01,-1.797594980257434250e-01,-1.236207006694663990e-01,-2.176671692698228244e-01,-8.405076565219429252e-01,-4.961530839872451137e-01
-2.096838949980577710e-02,-5.057775502626041808e-01,8.624090655206164691e-01,9.742092661420220789e-01,-2.041790831213246560e-01,-9.605835611105600913e-02,2.246700523096206714e-01,8.381527138094193585e-01,4.970144826150424966e-01
-5.060316034429729326e-02,-5.035534855532178833e-01,8.624808446280846086e-01,9.712176239172044534e-01,-2.260750201155042882e-01,-7.500941455839923999e-02,2.327566264487195280e-01,8.338608831615615946e-01,5.005001302469678226e-01
-7.313132745863162865e-02,-5.028467386688203478e-01,8.612763588734277942e-01,9.669533991939456286e-01,-2.472385841108508120e-01,-6.224312262520498296e-02,2.442394987126630945e-01,8.282621806752937799e-01,5.043102490844244556e-01
-8.939763598269874489e-02,-5.079821709283383058e-01,8.567159253215953507e-01,9.608427142466277049e-01,-2.704930147982544386e-01,-6.012326857818706127e-02,2.622772219615696065e-01,8.177943769458699830e-01,5.122724039764763315e-01
