3.588570396033893828e-01,7.895107757914963109e-01,-4.978899075460370138e-01,-2.911387072826674416e-01,6.014858006119891964e-01,7.439442753217013760e-01,8.868257316118361988e-01,-1.220146162197945222e-01,4.457045604207650613e-01
-3.888377223074930278e-01,-7.624495336078517260e-01,5.171807560339908294e-01,-2.541390849475784752e-01,6.283415383378510022e-01,7.352552187514415083e-01,-8.855611504649065768e-01,1.544591204830326747e-01,-4.380911193882838228e-01
-3.844641445922751255e-01,-7.675053942229650428e-01,5.129549603635604749e-01,-2.618979910773989173e-01,6.235169991414927226e-01,7.366383061253399811e-01,-8.852100111230969404e-01,1.488691426059782497e-01,-4.407280506017381416e-01
-3.512836796839933218e-01,-8.086317962162674622e-01,4.719262596378023811e-01,-2.958261934449889496e-01,5.740896104936372701e-01,7.634841074934775040e-01,-8.883054878022094147e-01,1.285913576851757112e-01,-4.408827770157977000e-01
-3.820824655884736964e-01,-7.791280022250035575e-01,4.969633242390302241e-01,-2.659497950396892962e-01,6.077190018704697883e-01,7.482969472635224717e-01,-8.850331609652712928e-01,1.537438483791622734e-01,-4.394077071210578667e-01
-3.762075467579488186e-01,-7.862809870625534492e-01,4.901327280913838069e-01,-2.726745824211366243e-01,5.995247115917015091e-01,7.524750442987101495e-01,-8.855035030217693892e-01,1.494400534489459531e-01,-4.399445607816417358e-01
-3.371624292434939885e-01,-8.323011652500547086e-01,4.399957575136684840e-01,-2.735175773431537394e-01,5.338014689365860876e-01,8.001525646059475250e-01,-9.008382935860119733e-01,1.494348088115487194e-01,-4.076267983394836203e-01
-3.619361623085973201e-01,-8.111018721363875139e-01,4.594735764221613006e-01,-2.578596693426766784e-01,5.607685687976509126e-01,7.867954010892028727e-01,-8.958295626623457020e-01,1.662900035043642366e-01,-4.121128842862213926e-01
-3.580882974914272321e-01,-8.144684680764402440e-01,4.565236967660145084e-01,-2.610760176999410431e-01,5.567864139429408166e-01,7.885608424405187167e-01,-8.964441333299201231e-01,1.631870208006044043e-01,-4.120168832227534272e-01
-3.286028039027925063e-01,-8.470604181549048484e-01,4.177425585961531684e-01,-2.690686542382014768e-01,5.079359590081210518e-01,8.182928087505983994e-01,-9.053299158724770201e-01,1.564918833094482986e-01,-3.948265871045109621e-01
-3.526762714873638016e-01,-8.259646429024026792e-01,4.397747789549524278e-01,-2.614346654446453311e-01,5.382309753908819383e-01,8.012236472007212562e-01,-8.984828118743382053e-01,1.676001963151766971e-01,-4.057570836861590924e-01
-3.492706663483884366e-01,-8.286964446173262777e-01,4.373467780916595604e-01,-2.653578913769236158e-01,5.351105177914281530e-01,8.020236425648450407e-01,-8.986630019715651230e-01,1.640699132308909847e-01,-4.067995482542505759e-01
3.022515843436888172e-01,8.723235712750355697e-01,-3.843118092899283078e-01,-3.287794690738878312e-01,4.738302833952398041e-01,8.169387512250101402e-01,8.947335024895528566e-01,-1.205671992523458941e-01,4.300180344906739949e-01
-3.259671360984675581e-01,-8.531735706102459016e-01,4.072349255600844486e-01,-3.099909292760427704e-01,5.034066181592290468e-01,8.065279911819943637e-01,-8.931131227063785483e-01,1.366624864608139145e-01,-4.285700816016083659e-01
-3.233881820491685266e-01,-8.555828458265752889e-01,4.042252808004861975e-01,-3.214151296720942352e-01,5.010990832530178851e-01,8.034874132062403973e-01,-8.900069652136459730e-01,1.299142128109281868e-01,-4.370467928962666337e-01
-3.273527241494066375e-01,-8.699209473779542234e-01,3.688871633779151060e-01,-3.240484589308462171e-01,4.700770066187496821e-01,8.209873349284381172e-01,-8.875994537270208706e-01,1.492151237690006738e-01,-4.357775310661342605e-01
-3.420696519566723270e-01,-8.536316066832770888e-01,3.928122112174823322e-01,-2.989869787949416269e-01,4.951790089839990805e-01,8.157233204786396019e-01,-8.908395701366850217e-01,1.615884560633939482e-01,-4.246104463455112610e-01
-3.406016608925800937e-01,-8.558647022351368872e-01,3.892121787215510054e-01,-3.107746179058871183e-01,4.931787221952712574e-01,8.125231595710300514e-01,-8.873610569901444478e-01,1.557894715370715943e-01,-4.339585177128499893e-01
3.138498380069517646e-01,8.884798183624558199e-01,-3.348162056197822034e-01,-2.290374831684503787e-01,4.130655399258537086e-01,8.814299127154837654e-01,9.214337254989488635e-01,-1.999511742610709519e-01,3.331357342356819906e-01
-3.274160970944860471e-01,-8.714877954770632318e-01,3.651132998097195714e-01,-2.340711517166997047e-01,4.491771676826855075e-01,8.622357960364309681e-01,-9.154285309610092902e-01,1.968473885198598894e-01,-3.510579871409844066e-01
-3.249375954270232181e-01,-8.748423423758451278e-01,3.592581732743854728e-01,-2.399998872327808730e-01,4.437147963124375427e-01,8.634333985094998498e-01,-9.147762640156099634e-01,1.943400512497522326e-01,-3.541416824858196200e-01
3.127119919903151302e-01,8.955621677031766481e-01,-3.165116330314516335e-01,-1.898326094152030241e-01,3.854262286671750193e-01,9.030006659233501543e-01,9.306851188603288971e-01,-2.222949078008442381e-01,2.905343069204567308e-01
-3.225409989305317859e-01,-8.806904025373485378e-01,3.469174525553562205e-01,-2.012124320460191851e-01,4.219213869008983653e-01,8.840225678486657301e-01,-9.249220838530243238e-01,2.153294177631697170e-01,-3.132928033752986896e-01
-3.215036200082269091e-01,-8.838782616119402746e-01,3.396978671870941047e-01,-2.016240266722479357e-01,4.144179351361443886e-01,8.874714231489165828e-01,-9.251935874129665338e-01,2.168340233619933111e-01,-3.114479605368709048e-01
3.040981709581316861e-01,9.041425121239059504e-01,-3.000843551240073848e-01,-1.254558904811945985e-01,3.502679120905141108e-01,9.282096796001012562e-01,9.443437520116755302e-01,-2.446195158404668168e-01,2.199458353924578780e-01
-3.039338787562245181e-01,-8.923012090463410262e-01,3.338004638682135483e-01,-1.526488733579915713e-01,3.914606481851832798e-01,9.074452503512109303e-01,-9.403842399821110698e-01,2.248490899622991868e-01,-2.551869274402463472e-01
-3.035156247629753890e-01,-8.959341180604968313e-01,3.243151578633047261e-01,-1.453791079202621239e-01,3.799308183244445303e-01,9.135192872991937385e-01,-9.416704203196836209e-01,2.301187288824568244e-01,-2.455650425294141348e-01
3.026591051457889758e-01,9.085322987252250071e-01,-2.880391088817780276e-01,-5.877196834882790488e-02,3.194286377944439148e-01,9.457860228895278443e-01,9.512850896596430905e-01,-2.693221259567147308e-01,1.500742171773715161e-01
-2.970901631085867134e-01,-8.972278633584723773e-01,3.266796537853303706e-01,-1.249396507298259074e-01,3.757130768330717019e-01,9.182754312144779663e-01,-9.466401209855954679e-01,2.319953557936374477e-01,-2.237199951514418084e-01
-2.966843208245711905e-01,-9.005032782232574862e-01,3.179186368963434206e-01,-1.125335529862615258e-01,3.635549720726173328e-01,9.247507673603557743e-01,-9.483219987056883404e-01,2.385825395758132961e-01,-2.091978933459995305e-01
2.939603714368913545e-01,9.087798202278861703e-01,-2.961528969489505281e-01,1.008243928631293257e-04,3.098129946246862554e-01,9.507975064103429963e-01,9.558176028192444385e-01,-2.795266475816839957e-01,9.098111580222763284e-02
-2.859875735466316238e-01,-9.004435725009856117e-01,3.277384330812798119e-01,-1.181591228582416081e-01,3.725515533119267975e-01,9.204584519739288373e-01,-9.509203591585790871e-01,2.245143934506940719e-01,-2.129407374627643179e-01
2.848213342879243881e-01,9.147277587359919915e-01,-2.866180994499050172e-01,-2.999813978135297196e-03,2.998516903645636056e-01,9.539811134931398540e-01,9.585759274311782541e-01,-2.708543726494794801e-01,8.814817165496914575e-02
-2.797195491603817752e-01,-9.081582276304167589e-01,3.114572320635572433e-01,-1.354619178286452785e-01,3.584940146898593638e-01,9.236515090929761085e-01,-9.504772709726928559e-01,2.161727897278626631e-01,-2.232986393724224472e-01
2.820593846980754549e-01,9.179231793692620434e-01,-2.790332243306681281e-01,-2.021662615968796567e-02,2.964644115555327697e-01,9.548299014524792572e-01,9.591839195537334994e-01,-2.636776241125848297e-01,1.021778792688511905e-01
-2.704443730783684940e-01,-9.171179020687789674e-01,2.928388546200956233e-01,-1.315072330811310197e-01,3.365141483026307667e-01,9.324505754405968405e-01,-9.537115332833054904e-01,2.136655837918599310e-01,-2.116159955799430115e-01
-2.688905764791977848e-01,-9.187910212826948531e-01,2.889998565587665325e-01,-1.218882786370959204e-01,3.300981388437188579e-01,9.360440514542029966e-01,-9.554271847773487814e-01,2.164677295631288467e-01,-2.007501348597648394e-01
2.753690088600423969e-01,9.293394035109451279e-01,-2.459678475763825700e-01,-1.044574287488259368e-01,2.832700115564701360e-01,9.533345405113472504e-01,9.556466682506782329e-01,-2.368256186199416691e-01,1.750801868477989409e-01
-2.598052664860661665e-01,-9.306701959277402514e-01,2.575931092205803186e-01,-1.430857019668941299e-01,3.009099622028056920e-01,9.428571877754060582e-01,-9.550014164380832282e-01,2.081013720736307748e-01,-2.113435912023996499e-01
-2.589586011724453463e-01,-9.319653889758683363e-01,2.537340273393957069e-01,-1.390478163597465844e-01,2.959286607567734873e-01,9.450354133620011421e-01,-9.558274675088579420e-01,2.094438862649403710e-01,-2.062210242963655182e-01
2.708030636057893736e-01,9.311930711432914176e-01,-2.440187800076959734e-01,-2.720742665962813667e-01,3.171935911784566353e-01,9.084953600164447085e-01,9.233857775587701600e-01,-1.796320961577846098e-01,3.392506681380980660e-01
-2.572980304722263245e-01,-9.330116023619030585e-01,2.515692218320583762e-01,-2.231477415922819008e-01,3.106649974617635146e-01,9.239547309118267826e-01,-9.402142356598189865e-01,1.815946288031572708e-01,-2.881329239300257083e-01
-2.572513182407191179e-01,-9.335394287679265046e-01,2.496515455571322040e-01,-2.325423834142251733e-01,3.105583261935211392e-01,9.216710725350502065e-01,-9.379476526861417751e-01,1.790465329670785088e-01,-2.969790225807625306e-01
2.621687873591730389e-01,9.360457322722721685e-01,-2.347038858423223517e-01,1.582642794442548906e-01,1.982130437048225668e-01,9.672972692803704087e-01,9.519558523306695941e-01,-2.907403934786758071e-01,-9.617733003807707459e-02
-2.517244784801261348e-01,-9.400936521365536036e-01,2.299102262763986215e-01,1.402925927605016242e-02,2.339903967294980625e-01,9.721376826985659303e-01,-9.676972495662441442e-01,2.479363213628215101e-01,-4.571229299649805233e-02
-2.518444480842412236e-01,-9.394350390472014922e-01,2.324568376699798211e-01,3.358888179878750935e-02,2.315692687901896585e-01,9.722383765165228953e-01,-9.671846571305044993e-01,2.526608025839393035e-01,-2.676486220754082518e-02
2.455147599766581146e-01,9.344546059996983178e-01,-2.579090769235403702e-01,2.412751343976134721e-01,1.987752350684837410e-01,9.498814217810991334e-01,9.388870071286627983e-01,-2.954369564719648289e-01,-1.766584065239035495e-01
-2.404226665273539731e-01,-9.412152063344748631e-01,2.372991293381168931e-01,3.671973673166570307e-02,2.354758001762241315e-01,9.711862892698416294e-01,-9.699735060063414682e-01,2.422087589170104360e-01,-2.205254519658782913e-02
-2.411789800528124916e-01,-9.409364692203060487e-01,2.376368247387366239e-01,7.071296988388148241e-02,2.271759517434637221e-01,9.712830498055923245e-01,-9.679010153269219652e-01,2.510570609257495311e-01,1.174634787660575053e-02
2.399626283145821215e-01,9.386747510036618225e-01,-2.476038142690268340e-01,2.671301580612893134e-01,1.813630661612243011e-01,9.464401285272884268e-01,9.333056389342713199e-01,-2.932527068260622483e-01,-2.072279765685106634e-01
-2.386035737879420582e-01,-9.393812318701563191e-01,2.462341076815514618e-01,2.146187096447818923e-02,2.483948110936491371e-01,9.684210891530886656e-01,-9.708798703600391988e-01,2.363533774496533457e-01,-3.910701085247560160e-02
2.388245573861960680e-01,9.399823031557983377e-01,-2.437131521752737839e-01,6.312512279704002305e-02,2.354166763874153967e-01,9.698423621138445583e-01,9.690087975148350408e-01,-2.470065955245397404e-01,-3.113214774200415147e-03
2.280165345590796089e-01,9.420156391084866243e-01,-2.462011284350619500e-01,2.949781970582051605e-01,1.741438748888082810e-01,9.395008111220564118e-01,9.278988755397646893e-01,-2.868456841469658736e-01,-2.381663919580182809e-01
2.274741019519750940e-01,9.401524001592804769e-01,-2.537104598078033235e-01,9.086651235195145060e-02,2.389108334864616101e-01,9.667806838036209216e-01,9.695353577225197528e-01,-2.429713524626903043e-01,-3.108234238785931303e-02
2.273351289799463715e-01,9.406915873755546942e-01,-2.518294593023820416e-01,1.213135916920723145e-01,2.292290136358842434e-01,9.657831391043690816e-01,9.662306927449785254e-01,-2.501067706967938231e-01,-6.200686775818578522e-02
1.744937652225072022e-01,9.478483357581808377e-01,-2.667123137369545871e-01,2.387819556376414576e-01,2.220494452432041355e-01,9.453450277697812432e-01,9.552670325936803986e-01,-2.286429011966749913e-01,-1.875828354941665443e-01
1.860962945371308630e-01,9.454098562001513884e-01,-2.675226587770803133e-01,1.015187024839825786e-01,2.523199973279683928e-01,9.623037836329974004e-01,9.772727982531375091e-01,-2.062397215572760456e-01,-4.902096537665426301e-02
1.580956800162449938e-01,9.501233870836328643e-01,-2.688332294879601236e-01,3.841950298644087880e-01,1.916139659382270766e-01,9.031490835321206445e-01,9.096152675651871800e-01,-2.460683591487314859e-01,-3.347393428298560680e-01
1.745318540396106066e-01,9.485878933476971087e-01,-2.640447699153958827e-01,1.839033970854223599e-01,2.320385632544258170e-01,9.551636748239868968e-01,9.673252671495443655e-01,-2.152652172483981996e-01,-1.339504153672633757e-01
1.342173126419708151e-01,9.556462672890049248e-01,-2.621562984247360339e-01,4.677643647872273269e-01,1.721237605862732389e-01,8.669313179697920591e-01,8.736030059600122799e-01,-2.389845661506848629e-01,-4.239152805920066713e-01
1.577249737289291021e-01,9.536288671450051657e-01,-2.563490128905174803e-01,2.651402723167808895e-01,2.091683229051257698e-01,9.412487708830437061e-01,9.512220921835194964e-01,-2.164268847458447331e-01,-2.198543492888347384e-01
1.225581627967857468e-01,9.566475889302397118e-01,-2.642061455111051615e-01,4.878354923452806746e-01,1.737643193171416189e-01,8.554662434839195306e-01,8.642893202742440995e-01,-2.337335062121157769e-01,-4.453904118115664668e-01
1.429322402281164306e-01,9.572798696232722726e-01,-2.513675116585732394e-01,3.131684232284578373e-01,1.971827010930470303e-01,9.290018950907750206e-01,9.388801379281456194e-01,-2.115046893184664989e-01,-2.716060621568037181e-01
1.051816810436498745e-01,9.589306965633646040e-01,-2.634174124110496007e-01,4.008437275600354455e-01,2.015328825464947904e-01,8.937050986361647631e-01,9.100885231935457176e-01,-1.995906221268968772e-01,-3.631837875103876012e-01
1.200291168299098127e-01,9.598904417088494068e-01,-2.533838018284164662e-01,2.372209656782032772e-01,2.201047168123322628e-01,9.461924366003272580e-01,9.640120458561362016e-01,-1.736785926732291319e-01,-2.012871627583686651e-01
7.788349599703058013e-02,9.598975494876025305e-01,-2.693155315591297394e-01,3.867162803303453855e-01,2.198980250136306214e-01,8.955977764167158961e-01,9.189040644043001693e-01,-1.739009864342372924e-01,-3.540815828851551217e-01
8.883651172885956293e-02,9.635259766623831545e-01,-2.524396293782911194e-01,2.807389617163984497e-01,2.189451560224219273e-01,9.344777439986016176e-01,9.556640149959855224e-01,-1.538853825128239927e-01,-2.510489583540133629e-01
5.171204059143370141e-02,9.640898436055305165e-01,-2.604930676899747666e-01,4.805287928345498560e-01,2.046398821426721470e-01,8.527687833719078681e-01,8.754529936637603926e-01,-1.692728332996679685e-01,-4.526905828398272713e-01
6.990711977158400869e-02,9.667909265482544923e-01,-2.458216812024710818e-01,3.885028548678805538e-01,2.005820245290975135e-01,8.993510900617815995e-01,9.187918841417506144e-01,-1.583734693052357145e-01,-3.615789234115779349e-01
4.183471239561360744e-02,9.664361447904202818e-01,-2.534778784852960709e-01,-6.637440240619378873e-01,-1.627437474925241823e-01,-7.300399599844895615e-01,-7.467889443215147693e-01,1.987854388397698735e-01,6.346578778715649127e-01
5.486934538618475077e-02,9.690813252883486717e-01,-2.405633802436890900e-01,6.174055615645004380e-01,1.564187830463487083e-01,7.709367917407518034e-01,7.847290790369094715e-01,-1.908259659681497689e-01,-5.897336036094663614e-01
3.978309612748593543e-02,9.692598330037646148e-01,-2.428017326709697166e-01,3.908439106099850235e-01,2.085387559997700369e-01,8.965225177234326104e-01,9.195968370985215801e-01,-1.305640202030488306e-01,-3.705329861521272639e-01
-7.214532788877920516e-03,9.751179684262237801e-01,-2.215691724246692806e-01,3.992672916816545348e-01,2.059555611034454836e-01,8.934024494278948181e-01,9.168061847030892775e-01,-8.201984212908178251e-02,-3.908185834722880392e-01
-9.589441346190345468e-04,-9.807550239086717525e-01,1.952400151199729372e-01,-3.482662293467513881e-01,-1.826896754627190256e-01,-9.194210765345345315e-01,9.373951748983684329e-01,-6.887717733202365633e-02,-3.413886648968156856e-01
2.513099618879203068e-03,-9.811274533136349341e-01,1.933458163100687521e-01,-3.290272736502257711e-01,-1.833921869196295518e-01,-9.263413836006332280e-01,9.443170746759826928e-01,-6.128805863410050764e-02,-3.232785739022276394e-01
1.727652749902883807e-03,-9.790345303973176927e-01,2.036870234101320343e-01,-5.403146042823580020e-01,-1.723091699975107527e-01,-8.236320041948151927e-01,8.414613143901354952e-01,-1.086321233543418030e-01,-5.292843452817707073e-01
-1.487503306141094855e-02,9.820530523101769216e-01,-1.880173817488335342e-01,2.612905069902187183e-01,1.853221023309385429e-01,9.473030081998241592e-01,9.651455871257020869e-01,-3.503599343397983956e-02,-2.593578123286007786e-01
-1.635366453497863817e-02,9.791836464924454919e-01,-2.023164454463231288e-01,3.350992645508108492e-01,1.960088108530730067e-01,9.215687868875934718e-01,9.420408911261671792e-01,-5.272506528893032562e-02,-3.313291821383907987e-01
-2.364069515641083197e-02,9.825922609490010950e-01,-1.842649349595609221e-01,3.953185138641593377e-01,1.784820721596961091e-01,9.010368596865576674e-01,9.182398325757566981e-01,-5.154220252095004923e-02,-3.926563525915953146e-01
-2.342162139989133196e-02,9.799368424464423022e-01,-1.979272908597925207e-01,4.166083028903037055e-01,1.895390681766829233e-01,8.891076782918793109e-01,9.087843251365312902e-01,-6.163380931608512803e-02,-4.126891371666175368e-01
-3.547597700160447926e-02,9.834145776836396013e-01,-1.778685566790579875e-01,3.668182283801144083e-01,1.783713433478615329e-01,9.130323385293389604e-01,9.296159650005245689e-01,-3.285471460215187711e-02,-3.670622908234449366e-01
-2.477971349890265365e-02,9.807665914332931445e-01,-1.936049041921008851e-01,3.616760746052418152e-01,1.893409419711657438e-01,9.128748132967713369e-01,9.319744539723480159e-01,-4.740148543866478520e-02,-3.594116251892143787e-01
-2.378954782770461088e-02,9.826286146721631143e-01,-1.840517944536791406e-01,3.237451267759851037e-01,1.817553302969245332e-01,9.285225321969617918e-01,9.458452041972593705e-01,-3.749674033995299693e-02,-3.224451025537888871e-01
-3.299272122623851666e-02,9.808778401541640157e-01,-1.918075677354539044e-01,2.981627126356514723e-01,1.928328043609499054e-01,9.348339458727642493e-01,9.539446929145516396e-01,-2.634714893104487046e-02,-2.988232765421189874e-01
-1.970138881288921104e-02,9.815646757399608680e-01,-1.901121842974520804e-01,2.930891102832048900e-01,1.874654137283277011e-01,9.375262620796638302e-01,9.558821207200409731e-01,-3.724924153821073530e-02,-2.913792465028786083e-01
-4.050321011089545037e-03,-9.794982993263675608e-01,2.014117089855031462e-01,-2.040245505367813683e-01,-1.963672799734627050e-01,-9.590692749400787642e-01,9.789573931882691316e-01,-4.497747183399250503e-02,-1.990463497516368752e-01
-4.815710728525407193e-05,-9.813856329540032730e-01,1.920474866077734322e-01,-2.662571875514100905e-01,-1.851023775656054915e-01,-9.459620604954369627e-01,9.639020218663854056e-01,-5.117957845693787283e-02,-2.612920645386381802e-01
3.277431670381702328e-02,9.798481915806370735e-01,-1.970364575928842121e-01,2.052990156543066380e-01,1.863384988823983124e-01,9.607966892145433091e-01,9.781503761364971350e-01,-7.194084577212696285e-02,-1.950547522456717864e-01
-1.543852302395888089e-02,9.748184173033488387e-01,-2.224650653316898041e-01,4.546405017242292068e-01,2.050054024061444546e-01,8.667610969443868552e-01,8.905412209430736414e-01,-8.776011776706511835e-02,-4.463569149578968109e-01
-1.006951126176658384e-02,9.715355302843335927e-01,-2.366797801631729259e-01,3.336475276786875499e-01,2.263917938883277525e-01,9.151098747876805772e-01,9.426441174785149535e-01,-6.975291431304957157e-02,-3.264300824495006692e-01
-8.218793353037450247e-03,9.769398867639781381e-01,-2.133562960997540392e-01,4.521080188185158111e-01,1.939410808420019561e-01,8.706234527520111399e-01,8.919253280156455022e-01,-8.930461808563974757e-02,-4.432763183757524872e-01
-4.943811434431271551e-03,-9.803436443036650516e-01,1.972356402933042596e-01,-6.143389655938793492e-01,-1.526504487584488812e-01,-7.741353084874031953e-01,7.890267385086157104e-01,-1.249967182259318355e-01,-6.015086253340045097e-01
-1.858651627534233571e-03,-9.793940166665258129e-01,2.019502550925255102e-01,-6.174428777289174830e-01,-1.577333834412277813e-01,-7.706390027049079272e-01,7.866135252816087720e-01,-1.261250960990367709e-01,-6.044266886712135189e-01
-1.223337207784372729e-02,-9.779365818189504900e-01,2.085434883852089194e-01,-4.047882972169045690e-01,-1.858624205360208670e-01,-8.953220622037246779e-01,9.143285946769049710e-01,-9.536877147556256651e-02,-3.935835595949073729e-01
-2.919326567681737594e-02,-9.821723191218920679e-01,1.857021507410350214e-01,5.621785423760584655e-01,1.374808411881004722e-01,8.155086172433385627e-01,-8.265004777560943650e-01,1.282051241446129919e-01,5.481426880037821858e-01
2.018421927306488992e-02,9.815075086072959643e-01,-1.903565282301513117e-01,3.665631631636133703e-01,1.698719687235887565e-01,9.147540443493312745e-01,9.301742012676031957e-01,-8.824128732895784866e-02,-3.563557639588637027e-01
2.937733899261803575e-02,9.833609573600854414e-01,-1.792713013663067290e-01,4.154757552473480886e-01,1.511087981429583560e-01,8.969648978223371261e-01,9.091297315319515349e-01,-1.008333211971471355e-01,-4.041234620521241272e-01
6.242219363832456069e-02,9.786568761864899990e-01,-1.957911857931313448e-01,1.422864390264683421e-01,1.854436764356370282e-01,9.722989314707705111e-01,9.878552722998177327e-01,-8.855146279387876573e-02,-1.276738008618749087e-01
-1.929366274275291088e-02,-9.769485964884832008e-01,2.126010216277238185e-01,-6.702527411247448663e-01,-1.451453792931305109e-01,-7.278008531766221312e-01,7.418820779562848022e-01,-1.565383617169806008e-01,-6.520020887376273278e-01
1.206591060777144481e-01,9.806202602543072633e-01,-1.543544145766531928e-01,5.070472501908042107e-01,7.279643954641908110e-02,8.588386137472562298e-01,8.534309967387353479e-01,-1.818916808656707573e-01,-4.884372531220259050e-01
1.436746377238313221e-01,9.760656944369159316e-01,-1.632585636905653781e-01,-6.235853756681009052e-01,-3.880629598395835683e-02,-7.807914898645343937e-01,-7.684392479095527584e-01,2.139855872141532001e-01,6.030848122252908672e-01
1.602058470038773275e-01,9.755851945711560003e-01,-1.502252133276212043e-01,4.858222151512117670e-01,5.454979391654389553e-02,8.723537672580043978e-01,8.592501741933716852e-01,-2.127389200809801095e-01,-4.652217643569980243e-01
1.675041171013018082e-01,9.768639234340615873e-01,-1.329633251958047824e-01,6.549780995668660344e-01,-9.464939623118832912e-03,7.555885811774204486e-01,7.368487360658834140e-01,-2.136522642307885356e-01,-6.414098924612618990e-01
2.313878592741205054e-01,9.673511581556932803e-01,-1.033992040364828946e-01,4.534743268566699959e-01,-1.321344541420143084e-02,8.911713862900759731e-01,8.607094129045118613e-01,-2.530951237679705534e-01,-4.417263461267006419e-01
2.096286798341350233e-01,9.718084279384441304e-01,-1.079082757660782266e-01,3.909615812725709127e-01,1.784724017718323369e-02,9.202339474214742410e-01,8.962169706939548952e-01,-2.350954176624210634e-01,-3.761984662837996596e-01
2.390089846059790801e-01,9.667462818288871107e-01,-9.097434719546666770e-02,4.629348652612314541e-01,-3.109011119398846779e-02,8.858468916869951526e-01,8.535607862379719357e-01,-2.538405632596332229e-01,-4.549713756280143739e-01
2.108168823650625467e-01,9.714422419572471545e-01,-1.088862371971451165e-01,4.318087058584667015e-01,7.386686430185359503e-03,9.019349635136771903e-01,8.769820315460928883e-01,-2.371611422738971742e-01,-4.179199791115864038e-01
2.414142390651951575e-01,9.678602841943613200e-01,-7.046726513625448107e-02,2.885219994893212792e-01,-2.255473929811551564e-03,9.574706098090095541e-01,9.265388394380761339e-01,-2.514783949299867483e-01,-2.797934879445566625e-01
2.196497778423658065e-01,9.721447470061186369e-01,-8.178365339240198373e-02,3.880293253007057186e-01,-1.014196490367489344e-02,9.215912235121228591e-01,8.950906198818520121e-01,-2.341617633523923325e-01,-3.794483506133868311e-01
2.870128237048225062e-01,9.563150244773286346e-01,-5.554469360713329418e-02,3.510552616632433565e-01,-5.105555698093236505e-02,9.349617817643235407e-01,8.912821339438686818e-01,-2.878452779885272705e-01,-3.503730207252995221e-01
2.499541257703620234e-01,9.656276400503255308e-01,-7.131756993345013396e-02,4.706262363424923989e-01,-5.679169507690629698e-02,8.805030658869916760e-01,8.461878518842456121e-01,-2.536492935947786131e-01,-4.686450204391328089e-01
2.465999214567705100e-01,9.664913015154444897e-01,-7.129546151401837395e-02,4.008539579580740475e-01,-3.474504191018897709e-02,9.154828706491487944e-01,8.823290673704804465e-01,-2.543370719294406612e-01,-3.959899881505810626e-01
2.276053636630296639e-01,9.710095449553310942e-01,-7.304972304848574016e-02,4.699063418380192148e-01,-4.382091812850067575e-02,8.816279016880003150e-01,8.528680017049714568e-01,-2.349897673091653760e-01,-4.662574191664446976e-01
2.052927561672079626e-01,9.781440534772581907e-01,-3.300143803457026431e-02,3.485243816516903625e-01,-4.155595330078877547e-02,9.363780529997326463e-01,9.145412181304778398e-01,-2.037334370994141330e-01,-3.494381875927141112e-01
2.454741064117590965e-01,9.694025092201803417e-01,-1.112743890807905761e-03,1.442246425616902361e-01,-3.538572373493865247e-02,9.889120805378542878e-01,9.586144770236372237e-01,-2.429127943797377287e-01,-1.484980093042535809e-01
2.813645933985057246e-01,9.594567475299586867e-01,-1.663475881784505853e-02,-1.254932493700961216e-01,5.397655067848802085e-02,9.906250432627813352e-01,9.513597689329883478e-01,-2.766392625714704234e-01,1.355924351123050930e-01
3.192876947282362043e-01,9.476558035250052248e-01,-1.961132454811761582e-03,2.571110302426517502e-01,-8.463459742602538749e-02,9.626686361599698927e-01,9.121125402726854015e-01,-3.078724784125910219e-01,-2.706755454661499694e-01
2.681489581852711801e-01,9.502770561806456184e-01,-1.583339910467736478e-01,-1.845973840592093906e-01,2.119901937987417884e-01,9.596790940369954725e-01,9.455262778065188778e-01,-2.281089087033165985e-01,2.322636083150598774e-01
2.962065853187810793e-01,9.519428873728835727e-01,-7.788708489836175530e-02,1.625089722028031092e-01,3.012751848061088339e-02,9.862470109378221883e-01,9.411973718447025350e-01,-3.047902095054523253e-01,-1.457752908494658328e-01
3.184592159353611396e-01,9.474219969283022014e-01,-3.122959369289156004e-02,2.118227513493873559e-01,-3.901144164948807530e-02,9.765291749001689947e-01,9.239669094705778019e-01,-3.175998538362646562e-01,-2.131090871984877844e-01
3.234120936656535439e-01,9.459942892475451393e-01,-2.234776010768196181e-02,2.186753002031659454e-01,-5.174029206726445118e-02,9.744249869835285294e-01,9.206441933515105980e-01,-3.200277283108858839e-01,-2.235990213760339074e-01
3.219400565402284475e-01,9.133426550422515389e-01,-2.493186605034711234e-01,-1.184453418263204383e-01,3.001248503127444400e-01,9.465177099370086777e-01,9.393217239021576237e-01,-2.751913310864341211e-01,2.048033942598510848e-01
3.666534842865490917e-01,9.269335110688697865e-01,-7.974640128601874489e-02,1.634691191033444124e-01,2.019635594717840779e-02,9.863417026092079487e-01,9.158837642190791328e-01,-3.746816959286805582e-01,-1.441199402438739230e-01
3.802058495834256813e-01,9.238827451743385488e-01,-4.340720114996413082e-02,2.069668395852584108e-01,-3.924397944571574731e-02,9.775605543337733128e-01,9.014478572023095770e-01,-3.806580923169664010e-01,-2.061338824622783450e-01
4.056878367037051736e-01,9.001910008061076995e-01,-1.583462699856442724e-01,-8.058860708661952366e-02,2.077971609908634276e-01,9.748465603837230820e-01,9.104520061807253040e-01,-3.827224868646156297e-01,1.568459195824291330e-01
4.342462065880035027e-01,9.007918258999865202e-01,-2.078089434380867625e-03,-6.369961309272789696e-02,3.300879163578045172e-02,9.974230691971098794e-01,8.985391429179730993e-01,-4.329948106692665388e-01,7.171403333881253006e-02
4.367625866597903972e-01,8.995317165201930365e-01,9.007434067739008773e-03,-5.956741733765089086e-02,1.892873393796892442e-02,9.980448015110483517e-01,8.976024541443563542e-01,-4.364451786945769962e-01,6.185014396335407338e-02
4.341356235705231548e-01,9.007685641931237885e-01,1.192703267755645946e-02,-5.564477834578712701e-02,1.359942213122314163e-02,9.983580091132363554e-01,8.991273096674804455e-01,-4.340864539226664820e-01,5.602706070251663173e-02
5.263325884965276424e-01,8.494232010776558983e-01,-3.813439074553585939e-02,-6.090728715178524849e-02,8.239845834145108350e-02,9.947365462446640105e-01,8.480945163472967119e-01,-5.212395989695534082e-01,9.510505668840461835e-02
4.733059348389156429e-01,8.808738209331719027e-01,-6.542449148057893731e-03,-3.538230039840702945e-01,1.969051844139649843e-01,9.143509338337174608e-01,8.067160429159379031e-01,-4.304528544980245064e-01,4.048698138371815136e-01
4.643522076515809727e-01,8.856431934271912221e-01,3.627834779839543122e-03,-4.153559867183670984e-01,2.141541126810890816e-01,8.840912963710179096e-01,7.822125232609836720e-01,-4.120365881300617761e-01,4.673001374874858338e-01
4.075272041667400424e-01,8.344834854317716433e-01,3.708893236609573374e-01,4.910444019873563271e-01,1.421814475330981653e-01,-8.594532164430317422e-01,-7.699330965356143697e-01,5.323736925497307704e-01,-3.518256362746257637e-01
4.235481337606509800e-01,8.914117205243876629e-01,1.612207272642713074e-01,-1.454321791863001367e-01,-1.087517546316127126e-01,9.833730406725968987e-01,8.941232910762324515e-01,-4.399524978634582473e-01,8.357834635065505835e-02
4.219616488390034448e-01,8.940402201525382564e-01,1.504674438497246025e-01,-1.392383047196918411e-01,-1.000910509495141210e-01,9.851875334263058281e-01,8.958577238645963892e-01,-4.366621878173358451e-01,8.225005971257391690e-02
4.806966673935699208e-01,7.845099665933538136e-01,3.917586326712031441e-01,-4.082787206072197583e-01,-1.951464794316622453e-01,8.917546399457416673e-01,7.760407207460490175e-01,-5.886101968885035784e-01,2.264924631479593442e-01
4.757084097597083505e-01,8.148960010634535012e-01,3.311283985626741200e-01,-3.122564086340598455e-01,-1.954808694490542953e-01,9.296683091008320909e-01,8.223122546519954223e-01,-5.456479974582820747e-01,1.614646051582762365e-01
6.556507149131991508e-01,7.442375348907468435e-01,1.274073455243273090e-01,4.221915116723473083e-01,-2.214533714426320243e-01,-8.790408020953919266e-01,-6.260003734069409242e-01,6.301340301367925889e-01,-4.594068312051259317e-01
5.584419967672877849e-01,7.818372766211465485e-01,2.772598224268942313e-01,5.671921877322654293e-01,-1.159730315487094432e-01,-8.153792235082325535e-01,-6.053392093876379665e-01,6.126016069510676898e-01,-5.082162066866018346e-01
5.366264180041235843e-01,7.875174418295702861e-01,3.030649539525707148e-01,5.936698033447693756e-01,-9.711849734239638710e-02,-7.988267409586000678e-01,-5.996567785797529693e-01,6.085920442202357172e-01,-5.196416761723297029e-01
5.308675587272847496e-01,7.889755896531469581e-01,3.093495660614412057e-01,-6.034297158303713049e-01,9.561865206507072501e-02,7.916625868576437908e-01,-5.950228677486355533e-01,6.069387055615484972e-01,-5.268521562520757096e-01
6.775665962224228789e-01,6.897496609719147020e-01,2.552428507768404464e-01,5.957825713778158727e-01,-3.112850114112115096e-01,-7.403679958731060884e-01,4.312153004312321292e-01,-6.537178648773878109e-01,6.218571522577768240e-01
6.196227650716524815e-01,7.307668237453962545e-01,2.864393100082893162e-01,6.588017824109589915e-01,-2.858290796110191656e-01,-6.959036921448692459e-01,4.266706463973152230e-01,-6.199044979364022323e-01,6.585366906567268197e-01
5.951540636886192281e-01,7.443458198059994535e-01,3.028876706177682232e-01,6.841181294230029852e-01,-2.715385481885416730e-01,-6.769410623107680047e-01,4.216325716422947845e-01,-6.100951707602622065e-01,6.708277402920305166e-01
5.835167640980596371e-01,7.503733555635032637e-01,3.105608044761893893e-01,6.948519008686405707e-01,-2.633816125187617430e-01,-6.691867915957797619e-01,4.203439328404371400e-01,-6.062754765347064811e-01,6.750859387343572937e-01
5.771144584198598659e-01,7.538016444489813450e-01,3.142005453667504056e-01,7.010668405469082654e-01,-2.599619893169411999e-01,-6.640218740342481718e-01,4.188605817791022368e-01,-6.034922078505987608e-01,6.784931599473071895e-01
5.734394894625584049e-01,7.557819354269332823e-01,3.161658077769314290e-01,7.047447389170463650e-01,-2.582958160796660074e-01,-6.607708561706429062e-01,4.177343712141305954e-01,-6.017282920704812854e-01,6.807503636637123323e-01
5.820596759672652665e-01,5.770721007951918891e-01,5.728824697062272486e-01,5.959212064496669514e-01,1.766202112091743714e-01,-7.833793568227341853e-01,5.532489939588285388e-01,-7.973663470928847863e-01,2.410859996086325285e-01
5.664918150181043055e-01,6.559425919677080996e-01,4.988249588384481292e-01,7.680070252357554805e-01,-2.007934504064731729e-01,-6.081506387914011880e-01,2.987511216816099435e-01,-7.276134319242250070e-01,6.175163649470608584e-01
3.558892589674921281e-01,6.958565399533486184e-01,6.238000570340820339e-01,9.329342302270720033e-01,-2.255769263944436553e-01,-2.806221166427491087e-01,5.455783557098157349e-02,-6.818348231665715131e-01,7.294687906245336251e-01
2.126871185096742556e-01,5.974135404686394812e-01,7.732148804082713545e-01,-7.062701317875793583e-01,-4.528490423612323568e-01,5.441601288015043281e-01,-6.752382472615178211e-01,6.618344252887123913e-01,-3.256201820187943352e-01
1.860561662818609741e-01,5.391653479284612693e-01,8.213913991403114512e-01,8.259471592021851993e-01,3.669598359317542413e-01,-4.279623453281615753e-01,5.321601198834211566e-01,-7.580509259977998848e-01,3.770469472088870955e-01
-2.025581425694128121e-02,2.623525007351331650e-01,9.647594867876707614e-01,7.724618198065638097e-01,-6.085142747078937653e-01,1.816951139074951815e-01,6.347380868751457683e-01,7.489202513183544907e-01,-1.903313380274835043e-01
-2.720129435036610852e-02,2.588140100323850223e-01,9.655440941752071460e-01,-7.591205990695277794e-01,6.230887126272163234e-01,-1.884048095587780858e-01,6.503814308957367452e-01,7.380892658801608830e-01,-1.795222268648074548e-01
-3.105255606695468684e-02,2.690358465693040158e-01,9.626294468914025071e-01,-7.752327684693230969e-01,6.014378794560596431e-01,-1.930974672200238274e-01,6.309119538042520237e-01,7.522580610509509436e-01,-1.898892206808097116e-01
-3.207246330063268785e-02,2.711170032890401482e-01,9.620119165714112741e-01,-7.898376569212299803e-01,5.829416742481451363e-01,-1.906186772956718067e-01,6.124768018521287161e-01,7.659468486470457638e-01,-1.954420431755877208e-01
2.231690591982580033e-02,1.673406485925406639e-01,9.856465203300794897e-01,7.049379068914155555e-01,-7.017245001641072566e-01,1.031759337102587937e-01,7.089178394833318686e-01,6.925170273704913670e-01,-1.336250862084767399e-01
-7.252940735749484336e-02,2.257993881139745140e-01,9.714700826045679083e-01,-7.239762067335564488e-01,6.580348226159733471e-01,-2.069990925305115193e-01,6.860014119169592917e-01,7.183347468639665889e-01,-1.157465087845825358e-01
-8.014106619160506206e-02,2.418907485094545784e-01,9.669882498227212464e-01,-6.948841841325973379e-01,6.819599001960429119e-01,-2.281812112488187383e-01,7.146421343246196489e-01,6.902315265982414960e-01,-1.134330619255840972e-01
-5.195022311798971199e-02,-2.688186660673094405e-02,9.982878039752510757e-01,8.138862811783310613e-01,-5.804092554522638503e-01,2.672484789583477738e-02,-5.786970672361297918e-01,-8.138811101340829302e-01,-5.203117276417551507e-02
-9.561138688843105748e-02,1.496300732643568270e-02,9.953062700038716182e-01,9.422486220691829173e-01,-3.210569938898945042e-01,9.534118146483350209e-02,-3.209766298439760690e-01,-9.469416640354005876e-01,-1.659783142069826828e-02
-1.088236124665038357e-01,5.286945725306406441e-02,9.926541401009247867e-01,9.595357255643041094e-01,-2.553037419923491758e-01,1.187905328319070752e-01,-2.597087074695889064e-01,-9.654143254657402418e-01,2.294705754568632586e-02
-1.158029682978857777e-01,6.888319010679558319e-02,9.908808095094540080e-01,9.635058816454358244e-01,-2.346017356254816166e-01,1.289125349846312052e-01,-2.413422643633952591e-01,-9.696479421739743199e-01,3.920178146113154766e-02
-1.188483782255324583e-01,7.571807675762168288e-02,9.900211289893202649e-01,9.637351431562730664e-01,-2.311423289403480019e-01,1.333709024397391751e-01,-2.389343776829095101e-01,-9.699690699316958487e-01,4.550128060969122618e-02
-3.302543904844455480e-01,1.458299625910663699e-01,9.325586628070300366e-01,-7.322797311047927193e-01,5.838072519509015512e-01,-3.506215737552798584e-01,5.955656412007327427e-01,7.986881209710239293e-01,8.601658236023597415e-02
-3.411498509545674573e-01,1.939913674139153998e-01,9.197739551447169370e-01,-7.210125307427819319e-01,5.738012346423783105e-01,-3.884495766953174889e-01,6.031232956084232599e-01,7.956880623031629129e-01,5.588199891443428741e-02
-5.403131994193798304e-01,3.263806699674594580e-01,7.755883604108467777e-01,5.245749597730631208e-01,-5.900356686500587422e-01,6.137418197416294463e-01,6.579382631465373610e-01,7.384670392050484145e-01,1.475929330809813700e-01
-6.741752746676128449e-01,5.166728411624296191e-01,5.277659275019482843e-01,3.226504943176384810e-01,-4.367511563411174969e-01,8.397291741694344891e-01,6.643676373390208223e-01,7.364085840345966361e-01,1.277420831861137696e-01
-6.659906991610449190e-01,5.076501968517962426e-01,5.465781428737478409e-01,3.286889106031286589e-01,-4.580502250224288141e-01,8.259258994627971529e-01,6.696416867829473318e-01,7.297131415790966136e-01,1.381981994428806149e-01
2.104614366320124719e-01,8.457509312820564729e-01,-4.903175969984395755e-01,4.518166723043416932e-01,3.606220021459322078e-01,8.159739372039345184e-01,8.669300308090733820e-01,-3.932647121263159185e-01,-3.062273467174111974e-01
1.804826762067689161e-01,8.350888229289492592e-01,-5.196659132638813405e-01,4.305910531172607025e-01,4.079395752132227160e-01,8.050941857635190990e-01,8.843174478458575294e-01,-3.690690461065471717e-01,-2.859557494462951488e-01
1.766224517711911246e-01,8.342966474871619242e-01,-5.222581866491091684e-01,4.346882524357555955e-01,4.099362242582844096e-01,8.018718197038793294e-01,8.830915200162904322e-01,-3.686480652770937616e-01,-2.902550107108810007e-01
-7.190105390407348640e-01,6.309201755591644645e-01,2.914851228120323157e-01,2.099506096436311586e-01,-2.026311950957048191e-01,9.564838421449438632e-01,6.625289323936124353e-01,7.489194421608241781e-01,1.323188931711771939e-02
-7.072938624837922239e-01,6.341726764155619644e-01,3.123466160864907804e-01,2.593349066567785521e-01,-1.782655530038350644e-01,9.491927089909385495e-01,6.576327229404561603e-01,7.523605579110062003e-01,-3.837698031061747422e-02
-7.033489081455653880e-01,6.396748757329074886e-01,3.100263968866699971e-01,2.793436708988131789e-01,-1.523254752380401311e-01,9.480316783326817598e-01,6.536569642704167515e-01,7.534009576245540574e-01,-7.155117127754249962e-02
