8.118550607168856237e-01,-5.757286642335509574e-01,-9.709719650037752781e-02,-5.734274026860138873e-01,-7.549507703594123820e-01,-3.181671701833821975e-01,-1.098743565949482498e-01,-3.139838204646544506e-01,9.430491960917342098e-01
8.104060863332869236e-01,-5.771569069605883007e-01,-1.006572400856084182e-01,-5.743070797920655224e-01,-7.486373786814795039e-01,-3.312302120001029970e-01,-1.158160322868771186e-01,-3.262391453958430887e-01,9.381655859584252521e-01
8.092664653793089080e-01,-5.784249927734590457e-01,-1.025295847426636181e-01,-5.709441483850569155e-01,-7.333934896967174710e-01,-3.689942664802969841e-01,-1.382409759707363128e-01,-3.571533522249143999e-01,9.237591220427352479e-01
8.072434202244124224e-01,-5.805411515866876204e-01,-1.064426221905262065e-01,-5.649339438765882404e-01,-7.077723595133409429e-01,-4.241555447768682319e-01,-1.709026025560661799e-01,-4.025298230234876651e-01,8.993119825823756575e-01
8.035497799936395236e-01,-5.856195450459964480e-01,-1.065715700001372140e-01,-5.655488848016400061e-01,-6.952964252937917644e-01,-4.435282853136841563e-01,-1.856400010013880553e-01,-4.166684886499044116e-01,8.899017701939970770e-01
8.016413590995105087e-01,-5.879350014439452821e-01,-1.081830183448287547e-01,-5.673056117775155949e-01,-6.911165219817875238e-01,-4.477971593138302953e-01,-1.885085521318014545e-01,-4.203455567992902542e-01,8.875664136571792540e-01
7.987155609017023705e-01,-5.911751448252288155e-01,-1.120954990815821867e-01,-5.688242225502692095e-01,-6.811019120955004169e-01,-4.610197275387841187e-01,-1.961949454332631015e-01,-4.319862653843551947e-01,8.802814378968332187e-01
7.952109987206570363e-01,-5.955350983976189783e-01,-1.139184536861049535e-01,-5.728117717722985835e-01,-6.762647336227525230e-01,-4.631983205682296267e-01,-1.988118246804628231e-01,-4.335942303982914248e-01,8.789026690894383709e-01
7.928519181561545226e-01,-5.981964506599453113e-01,-1.163909029690446822e-01,-5.734722190629080174e-01,-6.677371884268405999e-01,-4.746121165276773191e-01,-2.061927492400499884e-01,-4.430440763735150611e-01,8.724657566639327788e-01
7.895917620506328616e-01,-6.019193737824406476e-01,-1.193227420365938485e-01,-5.788268778500119671e-01,-6.660301885555586221e-01,-4.704925434170608156e-01,-2.037260287253060687e-01,-4.405642466179048866e-01,8.742990620044229777e-01
7.878735393946931787e-01,-6.034156513526268695e-01,-1.230643637466373869e-01,-5.816688524343625044e-01,-6.635133390618052074e-01,-4.705437227237724285e-01,-2.022786000282068841e-01,-4.423116554984049542e-01,8.737526923454310701e-01
7.850189767538149344e-01,-6.061903774235485320e-01,-1.275869603662136420e-01,-5.906783738200084288e-01,-6.704201210673103040e-01,-4.490388846964644132e-01,-1.866661855766718892e-01,-4.278669040568455761e-01,8.843560637973066907e-01
7.837311999566137777e-01,-6.069822435313479980e-01,-1.316736961287937602e-01,-5.943363067606818317e-01,-6.713499685575059495e-01,-4.427793741626960822e-01,-1.803600861627631669e-01,-4.252784684832836559e-01,8.869095013381428361e-01
7.830043522891806385e-01,-6.072606991226744411e-01,-1.346797222941950589e-01,-5.988821453353676549e-01,-6.774979276715339394e-01,-4.270090561092176329e-01,-1.680605851909020287e-01,-4.150072304211314678e-01,8.941614163021538442e-01
7.826241511675632312e-01,-6.076792896283881307e-01,-1.350011813503443625e-01,-6.015214918434894642e-01,-6.824371935085745688e-01,-4.152726475058572397e-01,-1.602227601173882576e-01,-4.062085152638708618e-01,8.996239821544821380e-01
7.815889132990266885e-01,-6.087555257007427612e-01,-1.361450716583555154e-01,-6.044251580837139981e-01,-6.850988776485983367e-01,-4.065830248794314317e-01,-1.542368272609490332e-01,-4.000702910407659130e-01,9.034128421397568109e-01
7.809670084393883771e-01,-6.092718801314087607e-01,-1.373983544674744761e-01,-6.082479492491790207e-01,-6.919563494324105779e-01,-3.888840993333861906e-01,-1.418624825787278276e-01,-3.872779190210938194e-01,9.109834518119918068e-01
7.797330228113323880e-01,-6.107978296223766090e-01,-1.376314806506748756e-01,-6.113611646152559143e-01,-6.953061081689730916e-01,-3.778715950467766427e-01,-1.351071409577626059e-01,-3.787815033386814356e-01,9.155712059641828438e-01
7.802175372781817719e-01,-6.098348313409425181e-01,-1.391476661929104408e-01,-6.131115817378448574e-01,-7.015233345878987281e-01,-3.632618881297531299e-01,-1.239144174924259184e-01,-3.687363414582832122e-01,9.212376064976253165e-01
7.819650360769961894e-01,-6.073248874880340376e-01,-1.403109524974776312e-01,-6.141611572451793899e-01,-7.122470449131693693e-01,-3.398679448605288478e-01,-1.064742000879294603e-01,-3.519383867243021102e-01,9.299476418947094647e-01
7.849818638075779509e-01,-6.025887669021733339e-01,-1.438410633181624321e-01,-6.137968226171647279e-01,-7.249947239734694238e-01,-3.124677755476651941e-01,-8.400555956753109899e-02,-3.335707244557766238e-01,9.389747801447033693e-01
7.870173250892968930e-01,-5.988320622594524023e-01,-1.483370864597889915e-01,-6.150859954154161979e-01,-7.430630928659944789e-01,-2.636787027126928917e-01,-4.767544706779777014e-02,-2.987597717741015124e-01,9.531367428214967408e-01
7.894634981546345687e-01,-5.939503960105387836e-01,-1.548234871082899977e-01,-6.137938148780532899e-01,-7.630562149290006646e-01,-2.024904088485985632e-01,-2.130234469000327237e-03,-2.548884852972974069e-01,9.669681081421231950e-01
7.905677232157988232e-01,-5.919497685804654408e-01,-1.568379625183949910e-01,-6.122506191990537694e-01,-7.691985936095008247e-01,-1.829827939439694628e-01,1.232291766438936044e-02,-2.406844304617549724e-01,9.705251931987841640e-01
7.939395304592989921e-01,-5.858638704690403154e-01,-1.625532136043541520e-01,-6.050592017501769115e-01,-7.875912463291375731e-01,-1.166335761397835208e-01,5.969408975356071956e-02,-1.909543243415852409e-01,9.797821501046765080e-01
7.979214373026699558e-01,-5.788179545449528840e-01,-1.681997484814939103e-01,-5.942956826493893674e-01,-8.020681802581072217e-01,-5.915467692198608796e-02,1.006678770866716588e-01,-1.471611691780312925e-01,9.839764066323022362e-01
8.019521187520382011e-01,-5.713343066178936391e-01,-1.744990238097837154e-01,-5.807729646655328537e-01,-8.140569642767236935e-01,-3.744653010951656813e-03,1.399126968603075782e-01,-1.043473478053733444e-01,9.846502263561716095e-01
8.075389546617980363e-01,-5.588424528441058303e-01,-1.886158784485388595e-01,-5.522822521692321018e-01,-8.286994922329916635e-01,9.078251765434951215e-02,2.070390075387039674e-01,-3.085878273627751245e-02,9.778458901511134505e-01
8.106628789482274167e-01,-5.497833368098823392e-01,-2.014050130000815952e-01,-5.266324454334855298e-01,-8.349825303682715250e-01,1.595695503426194650e-01,2.558983472242805646e-01,2.329069655442611228e-02,9.664230850625886715e-01
8.121336318463527881e-01,-5.454966305930083470e-01,-2.070564899628310473e-01,-5.162300460632606169e-01,-8.371631733895875671e-01,1.807328433401070855e-01,2.719292252877152927e-01,3.989043910450965763e-02,9.614901191912856859e-01
8.176347653496189860e-01,-5.323286557070909808e-01,-2.193161936673971579e-01,-4.945367929535668394e-01,-8.444166530370912360e-01,2.058977330832908181e-01,2.947995096788236236e-01,5.988921761651711667e-02,9.536805181539605991e-01
8.236406597167422738e-01,-5.183949656623485502e-01,-2.299624387531621073e-01,4.807187431217839757e-01,8.533246429146315037e-01,-2.018577315983453302e-01,-3.008746477734236535e-01,-5.571098069994596946e-02,-9.520350481766252093e-01
8.312832058627285248e-01,-5.000603503696078311e-01,-2.427094510702250685e-01,4.649440979801274243e-01,8.648408068087679590e-01,-1.894132113444166599e-01,-3.046230743132081753e-01,-4.460969476004362361e-02,-9.514277469831249334e-01
8.432110871318684309e-01,-4.692497554665610582e-01,-2.622970253976678601e-01,4.392154759709676060e-01,8.826896260512741010e-01,-1.671789153244434001e-01,-3.099755283977890796e-01,-2.576220208044477031e-02,-9.503954338792233170e-01
8.617511795023629073e-01,-4.198125404668541782e-01,-2.848549376315109849e-01,3.960103155663536323e-01,9.075802518020854581e-01,-1.395489752878880108e-01,-3.171131258578286927e-01,-7.451000310594839936e-03,-9.483584491124906757e-01
8.850828101206931198e-01,-3.524281083322922670e-01,-3.040112624331193780e-01,3.374061998054688205e-01,9.357636540855328589e-01,-1.024862918898077624e-01,-3.206017397982877659e-01,1.186642953094126617e-02,-9.471397533038605765e-01
9.114997339170315405e-01,-2.633780797225316883e-01,-3.159117316448574742e-01,-2.549744071701960935e-01,-9.645218344432031632e-01,6.845204577311550520e-02,-3.227325312970288906e-01,1.815538498598648354e-02,-9.463160651910242915e-01
9.456275216673708517e-01,-7.942596442137501989e-02,-3.154046709244490709e-01,-7.575341629248741326e-02,-9.968399386742224921e-01,2.390724961156031822e-02,-3.163068291789518094e-01,1.285628137071628818e-03,-9.486560688548041353e-01
9.521799151261498562e-01,-1.452715688609408813e-02,-3.051923507284625137e-01,-9.078945034166034309e-03,-9.997732194193710287e-01,1.926350147020616105e-02,-3.054029829379940053e-01,-1.557149461782162542e-02,-9.520958704710058562e-01
9.570292886558761092e-01,2.456884017079627447e-02,-2.889486334065092810e-01,-3.755527707704007373e-02,9.985141602140754635e-01,-3.948509865311063127e-02,2.875491989529689874e-01,4.863994186510709611e-02,9.565299860625721129e-01
