4.127846953547923969e-01,2.424110459107773063e-01,-8.779781774630246449e-01,-6.834466904564980849e-01,7.196257415022931925e-01,-1.226352864037689727e-01,6.020875489369554856e-01,6.506732490180596740e-01,4.627255195333094262e-01
4.347821709776164556e-01,2.254238725106595120e-01,-8.718649789401387018e-01,-6.684697767171635663e-01,7.295208125118326503e-01,-1.447326560517059879e-01,6.034174520310929823e-01,6.457425662091467178e-01,4.678716883611682698e-01
4.686600808810041374e-01,1.960083073402468234e-01,-8.613585037847030224e-01,-6.463413294812794252e-01,7.407528298492024321e-01,-1.831068837449064679e-01,6.021632788480072440e-01,6.425464874419670736e-01,4.738495511056302067e-01
4.754062684604618561e-01,1.949491881145169747e-01,-8.578949201166712335e-01,-6.428193377143577303e-01,7.427306132121659354e-01,-1.874420850768414859e-01,6.006431377856350506e-01,6.405825865967400556e-01,4.784158972902720630e-01
4.648902008596355606e-01,2.176798311388663254e-01,-8.581914659678471224e-01,-6.514985282910942255e-01,7.404663355995696472e-01,-1.651038263587010224e-01,5.995221170058917526e-01,6.358656280686197926e-01,4.860536331123073150e-01
4.171899732619623324e-01,2.769475759325811803e-01,-8.655937652240515146e-01,-6.814448648625683891e-01,7.255048735781867153e-01,-9.630978437695354721e-02,6.013197338871552056e-01,6.300339027380721380e-01,4.913978622649007866e-01
-3.496777129045734456e-01,-3.486500573896849642e-01,8.695795734606444061e-01,7.179873526717748256e-01,-6.959889945745855178e-01,9.668548724296470789e-03,6.018468729678698725e-01,6.277280118914773110e-01,4.936981715436769003e-01
-3.040471983790830057e-01,-3.954250266685734316e-01,8.667146874502523746e-01,7.373030327183526245e-01,-6.738000695460533152e-01,-4.876170858422663318e-02,6.032740165978889291e-01,6.242055066753987580e-01,4.964150947885834220e-01
-1.621175646903240952e-01,-5.173271025897561159e-01,8.402919517316391751e-01,7.809353157809147961e-01,-5.878137780252151723e-01,-2.112226193613900016e-01,6.032063724672028782e-01,6.219707640153285810e-01,4.992939424078231547e-01
-1.264862780411182830e-01,-5.461935476403821932e-01,8.280542433822305481e-01,7.873220801783359368e-01,-5.630723820773172461e-01,-2.511442505920315482e-01,6.034278445108098854e-01,6.201790878913839844e-01,5.012511699849171443e-01
-1.335548420412485671e-01,-5.431315527823349365e-01,8.289579124054411441e-01,7.849752230440163459e-01,-5.685685662413368924e-01,-2.460562632595805765e-01,6.049603320667682471e-01,6.178494168116704932e-01,5.022798968415372878e-01
-1.516827210053383335e-01,-5.320818913044789156e-01,8.329953259738406279e-01,7.802541532404037028e-01,-5.818130154943182974e-01,-2.295584268819336193e-01,6.067914044377333838e-01,6.151280159017763483e-01,5.034100868608281099e-01
-1.872222906789836883e-01,-5.070965726591978306e-01,8.413090275696613052e-01,7.727522746200514714e-01,-6.047899677802913709e-01,-1.925695119738586591e-01,6.064665991977216120e-01,6.140701595661594014e-01,5.050901931219223817e-01
-1.938635229169998753e-01,-5.036785353193241610e-01,8.418579853756750220e-01,7.711324059599989900e-01,-6.087123538849774640e-01,-1.866121183260980587e-01,6.064418743462173245e-01,6.130066910616805975e-01,5.064099621384401395e-01
-2.063491447914765353e-01,-4.948358142538566429e-01,8.441312382417492932e-01,7.670767791647288281e-01,-6.173938626271049390e-01,-1.744076639848414212e-01,6.074646041623266157e-01,6.115245991144641069e-01,5.069757581658136392e-01
-1.919854194229843047e-01,-5.072365763828327045e-01,8.401503760092023931e-01,7.699556125359046099e-01,-6.086720482873677618e-01,-1.915377047949589906e-01,6.085309798633439238e-01,6.101060507920594844e-01,5.074058073509559730e-01
-1.650025379147531945e-01,-5.300308202395225265e-01,8.317700956862473793e-01,7.756763494099588874e-01,-5.906156597897216365e-01,-2.224844789579498716e-01,6.091800747297381191e-01,6.084738876955773090e-01,5.085854545156595075e-01
-1.410257706763464181e-01,-5.489349431361787435e-01,8.238823703716581237e-01,7.798611918880636873e-01,-5.742451446530137948e-01,-2.491165093472681447e-01,6.098592078439671882e-01,6.073820396147050493e-01,5.090764231050283195e-01
-1.450853799658941012e-01,-5.476025597269628120e-01,8.240641171053564307e-01,7.794269908964515103e-01,-5.762912662669256170e-01,-2.457273739056484718e-01,6.094618924774993785e-01,6.066463656900465962e-01,5.104276526725438634e-01
-1.534166660831013940e-01,-5.437119831779800849e-01,8.251306599058200186e-01,7.786713097852788756e-01,-5.806167278693568079e-01,-2.378133861572123420e-01,6.083866516330092011e-01,6.060210348386836365e-01,5.124492047489452862e-01
-1.614971132987374491e-01,-5.409222620454686714e-01,8.254221882284170642e-01,7.787779428444013829e-01,-5.835862950414716366e-01,-2.300694503379590028e-01,6.061547641776124928e-01,6.056650416388431601e-01,5.155058284844133976e-01
-1.514876382739175631e-01,-5.516881933490821455e-01,8.201778055820683200e-01,7.824357862273022546e-01,-5.739705928563685333e-01,-2.415615842119212264e-01,6.040246152939915403e-01,6.051428722668187321e-01,5.186100348659001824e-01
-1.428317794808223740e-01,-5.611032889349343300e-01,8.153294928534972064e-01,7.854985676411992968e-01,-5.654430969439050436e-01,-2.515275419354908171e-01,6.021553645065086391e-01,6.045140223889640119e-01,5.215090734888021551e-01
-1.228119981348583523e-01,-5.778555727446976764e-01,8.068458032127454604e-01,7.903307351642748779e-01,-5.486688114736703037e-01,-2.726533776991692526e-01,6.002454016223861544e-01,6.041899307038860467e-01,5.240801326774494617e-01
-9.093653909799934154e-02,-6.017826609742571442e-01,7.934659254231529735e-01,7.955666904469786971e-01,-5.231509906277387323e-01,-3.055923462007136271e-01,5.990026601845098719e-01,6.034655499330161543e-01,5.263317804730424099e-01
-5.379651382133497639e-02,-6.276207449182672482e-01,7.766583133198987632e-01,7.999228665867677002e-01,-4.926324651160171042e-01,-3.426903293431610154e-01,5.976866592222709329e-01,6.028311993103504518e-01,5.285500946227950081e-01
-5.813663302207042194e-02,-6.271836210004888557e-01,7.766986786711898016e-01,8.002558928440431929e-01,-4.944103056450245837e-01,-3.393360511946471592e-01,5.968338444401757314e-01,6.018298390913399132e-01,5.306507391025208076e-01
-7.326566394401948235e-02,-6.197388807445251002e-01,7.813807408558044454e-01,7.992471192773328292e-01,-5.051109312492311210e-01,-3.256792739174847462e-01,5.965200623732007656e-01,6.006551979514187511e-01,5.323318028825768655e-01
-9.631979923461489457e-02,-6.064033539357638336e-01,7.893018868664006815e-01,7.974238193830474053e-01,-5.215888836349692470e-01,-3.034143845452599852e-01,5.956825904422218265e-01,6.001833126669574581e-01,5.337998151368739119e-01
-1.137596991140900210e-01,-5.964384498380609356e-01,7.945564211635587348e-01,7.957079080857184517e-01,-5.335771856497603105e-01,-2.866082901172449793e-01,5.949013833126644002e-01,5.996303548927887084e-01,5.352903713161919486e-01
-1.291956665208271737e-01,-5.867806846836318702e-01,7.993728215510254032e-01,7.932966934986229735e-01,-5.448361212369954298e-01,-2.717240458251313218e-01,5.949696091704103074e-01,5.990342469989796692e-01,5.358816427962187490e-01
-1.375824981713412165e-01,-5.814479875769672512e-01,8.018661321814432030e-01,7.909949370099736976e-01,-5.517561110948479008e-01,-2.643713363700333496e-01,5.961527202164900174e-01,5.978991818126069280e-01,5.358343984537524696e-01
-1.556350612585120086e-01,-5.681901963892483920e-01,8.080455608653551725e-01,7.854031843504062360e-01,-5.672938543999181960e-01,-2.476277867532758470e-01,5.990989615408298663e-01,5.961019908432041436e-01,5.345492033419071420e-01
-1.741686651604825997e-01,-5.547258566023801629e-01,8.135997173628882750e-01,7.792126738699564070e-01,-5.828107987648303290e-01,-2.305627500780073891e-01,6.020738201887283481e-01,5.938104048093600928e-01,5.337567968499273841e-01
-1.849483501729898838e-01,-5.480927637480600412e-01,8.157134485193330287e-01,7.742754276717855877e-01,-5.924386826157281849e-01,-2.225173463894770665e-01,6.052203481972190380e-01,5.904326631103280487e-01,5.339453159832783236e-01
-1.990725676628788410e-01,-5.395193223769235713e-01,8.181008578323665237e-01,7.694319212138943653e-01,-6.030555866873670290e-01,-2.104720361051579669e-01,6.069140230882820175e-01,5.875737061400049255e-01,5.351752128337926573e-01
-2.082700762398379535e-01,-5.345134424438413578e-01,8.190964260634313598e-01,7.669221774259058488e-01,-6.089867337379998302e-01,-2.023994365195471712e-01,6.070040766875951510e-01,5.860294685235177825e-01,5.367639266071105864e-01
-2.211204155637486735e-01,-5.258490167935208071e-01,8.213334118116729643e-01,7.642647767022787697e-01,-6.165846082436495790e-01,-1.890046876911817553e-01,6.058094691510946816e-01,5.859234014905977395e-01,5.382273262038597128e-01
-2.348286525164184624e-01,-5.167622867856448421e-01,8.232935338707537687e-01,7.629406369289971623e-01,-6.228053435039095920e-01,-1.733063432923115099e-01,6.023097944411157645e-01,5.874267980429962455e-01,5.405114878161734193e-01
-2.525458772182176403e-01,-5.057269225527127876e-01,8.249005150352641813e-01,7.609433205624444030e-01,-6.303953749521455929e-01,-1.535152569953391610e-01,5.976502679590144362e-01,5.889328918003363667e-01,5.440332767066838882e-01
