-1.695235480110436066e-01,-5.868927810777690990e-01,7.917187822633424688e-01,7.795621746630067017e-01,-5.713438621754102220e-01,-2.566106135551878276e-01,6.029465834586271722e-01,5.736924739555923081e-01,5.543756513613137260e-01
-2.412319582308415644e-01,-5.376786312395338552e-01,8.079039743908278393e-01,7.628078411025305261e-01,-6.196983722657483096e-01,-1.846567761109212391e-01,5.999427805054496909e-01,5.717303708213895552e-01,5.596365277569237406e-01
-2.161799236227255616e-01,-5.547182114724297231e-01,8.034637182121553423e-01,7.690791748640988246e-01,-6.037117590512712795e-01,-2.098793338410819276e-01,6.014843833490850500e-01,5.725555150760913703e-01,5.571325863231498809e-01
-1.676578506187391127e-01,-5.751521369159124930e-01,8.006815000529012849e-01,7.857010044212711097e-01,-5.685131447769712354e-01,-2.438580239959403095e-01,5.954534211651743014e-01,5.882115466538023751e-01,5.472133035716799654e-01
-2.225821126872038758e-01,-5.399357114221644549e-01,8.117429584805413434e-01,7.712764766395714400e-01,-6.068083027224202564e-01,-1.921360984551935269e-01,5.963135078917373155e-01,5.833121902362202738e-01,5.515043871336599013e-01
-2.054759380872833996e-01,-5.507353293293318908e-01,8.089933472505586032e-01,7.755374760589850425e-01,-5.958276751616714551e-01,-2.086408510802654215e-01,5.969265131448011630e-01,5.845339840761616390e-01,5.495441377767936730e-01
-1.760189096458432134e-01,-5.598943105378347829e-01,8.096515944988015301e-01,7.809893894655078883e-01,-5.801063322850075199e-01,-2.313703022972707080e-01,5.992269327970681791e-01,5.916037561325988570e-01,5.393811998396109697e-01
-2.288649694872705032e-01,-5.253716631389303560e-01,8.195153697840115159e-01,7.653647578868578716e-01,-6.173243471562751550e-01,-1.820094442408695390e-01,6.015293950642662812e-01,5.855725966767171276e-01,5.433848736346132968e-01
-2.167806681627685583e-01,-5.321171219469156277e-01,8.184482332083290457e-01,7.685865956770160379e-01,-6.099442486272941277e-01,-1.929835705755804653e-01,6.018976548023080575e-01,5.872132339256468381e-01,5.412022090180942380e-01
-1.811681773244278315e-01,-5.552599921951951734e-01,8.117046461566773674e-01,7.798640594037978824e-01,-5.839565555680024111e-01,-2.254036158968725501e-01,5.991578593118633833e-01,5.921833181342980312e-01,5.388216563467718156e-01
-2.257177932802028608e-01,-5.288244661048469020e-01,8.181663411835268240e-01,7.671540496941318121e-01,-6.141182296296359144e-01,-1.852929142586292877e-01,6.004382914460149046e-01,5.858357142454575506e-01,5.443072423548167560e-01
-2.182211144954885884e-01,-5.320230675878357962e-01,8.181265187871471500e-01,7.692430319764176350e-01,-6.096554136328156126e-01,-1.912731930614656184e-01,6.005370121350347423e-01,5.875982744891528053e-01,5.422947214138225114e-01
-2.185577675725669522e-01,-5.169303859805890466e-01,8.276566185826431665e-01,7.700478802598642591e-01,-6.123313599448318989e-01,-1.790993236598110161e-01,5.993819853323800739e-01,5.981916763697662232e-01,5.318909230104823527e-01
-2.541917051559038354e-01,-4.981543787532914935e-01,8.289926368544272561e-01,7.612692362578372673e-01,-6.317402369417902674e-01,-1.461965216964462022e-01,5.965364422710006664e-01,5.939246483836588819e-01,5.398127314958441891e-01
-2.077455810085417354e-01,-5.347942758521846418e-01,8.190463088782958812e-01,7.670335541077849539e-01,-6.086844427241324684e-01,-2.028861159823214799e-01,6.070430795620712638e-01,5.860873072344681134e-01,5.366566573279855090e-01
-2.367780288049748105e-01,-5.155242690078515322e-01,8.235113193752413574e-01,7.628036689734515319e-01,-6.235957342279454529e-01,-1.710523979760305013e-01,6.017198082794609215e-01,5.876760062454734479e-01,5.408975725657299005e-01
-6.564213601992717473e-02,-6.280230233720214272e-01,7.754212997418931108e-01,7.945608774773453842e-01,-5.029872205770758997e-01,-3.401130222713896756e-01,6.036258128685124680e-01,5.937936830674551691e-01,5.320196800758543176e-01
-1.517863304165004423e-01,-5.737537966599062234e-01,8.048400404534036268e-01,7.934114862803923751e-01,-5.563322973721890330e-01,-2.469667757794995755e-01,5.894566339749108819e-01,6.010831520837409681e-01,5.396664904772597859e-01
-1.299187928144477644e-01,-5.881739723963244071e-01,7.982308472297747759e-01,7.948916362019141646e-01,-5.430014485382641531e-01,-2.707336580139046434e-01,5.926789974091202229e-01,5.993336341979100812e-01,5.380806639800816971e-01
-1.397397277357023959e-01,-5.920695530139920004e-01,7.936790616402602527e-01,7.960171593924590949e-01,-5.438950387901626549e-01,-2.655840144515629886e-01,5.889223127417673176e-01,5.946695142457361083e-01,5.473012683902974684e-01
-2.018778941475495858e-01,-5.491896235290349981e-01,8.109476390387900802e-01,7.872795072972702535e-01,-5.835343558738529390e-01,-1.991949620463709381e-01,5.826116144090486282e-01,5.982293982436208690e-01,5.501684231512722345e-01
-1.911699217085799929e-01,-5.565092793038386443e-01,8.085489985663559809e-01,7.882205650822919907e-01,-5.779362035323196700e-01,-2.114192172627674116e-01,5.849464948311834389e-01,5.968979533348820476e-01,5.491360773882383306e-01
-2.547108026271973635e-01,-4.936921928527827075e-01,8.314989030306773055e-01,7.837920144056423899e-01,-6.090215948767911947e-01,-1.215021610000197316e-01,5.663854563624969307e-01,6.207742872332425721e-01,5.420763775807848628e-01
-2.656131022288862331e-01,-4.865392471753433035e-01,8.323035749547142981e-01,7.831255455551355826e-01,-6.124008792762055675e-01,-1.080719341952471879e-01,5.622846786311348488e-01,6.230928694984246841e-01,5.436830107304263526e-01
-2.647703068409352212e-01,-4.868321104198704008e-01,8.324008534831595085e-01,7.827688223326699779e-01,-6.126356567878356030e-01,-1.093184468242353741e-01,5.631781737596749382e-01,6.226331570806947768e-01,5.432847285765033396e-01
-8.201363563759923869e-02,-6.179017334992281674e-01,7.819662469110491010e-01,8.400428021877579532e-01,-4.650553431182004593e-01,-2.793771972258163316e-01,5.362852357300569306e-01,6.339723776126702237e-01,5.572047831471795831e-01
-1.080235059198901559e-01,-5.998713278102103530e-01,7.927706555114100162e-01,8.377206748545864556e-01,-4.843126774052528560e-01,-2.523198395404778194e-01,5.353083159170538563e-01,6.368638948596245797e-01,5.548417669338503444e-01
-1.048704984792146744e-01,-6.022833242281590005e-01,7.913639970995641759e-01,8.384311091705143326e-01,-4.814916657469629491e-01,-2.553410483868889247e-01,5.348228246100027450e-01,6.367264508192610473e-01,5.554673465679915711e-01
-3.509614310239845408e-02,-6.461270416532577388e-01,7.624225251025478212e-01,8.572741785356644550e-01,-4.115749078307543440e-01,-3.093332799103716280e-01,5.136625775305595498e-01,6.427487388463051232e-01,5.683527207255602010e-01
-5.788400408945662545e-02,-6.333829093528913212e-01,7.716706112132548645e-01,8.574449160615276178e-01,-4.274311172607440090e-01,-2.865150186595313286e-01,5.113097476000348918e-01,6.450804059471181295e-01,5.678323800843783076e-01
-5.196197128922338399e-02,-6.361240036905495554e-01,7.698351807162646665e-01,8.576334933344187395e-01,-4.233619230738618344e-01,-2.919408727845475005e-01,5.116294993945713632e-01,6.450666120796419989e-01,5.675599715707171367e-01
-9.904490194455013718e-02,-6.002258161019187188e-01,7.936744150365309114e-01,8.591348321032228341e-01,-4.540113868252447782e-01,-2.361376736143231958e-01,5.020731497160162426e-01,6.584851025784889123e-01,5.606424190305578925e-01
-8.293308261815493521e-02,-6.084131267437866697e-01,7.892753454994646534e-01,8.578000560755025816e-01,-4.467137965156212642e-01,-2.542161438608188107e-01,5.072486250393535290e-01,6.559575071667742563e-01,5.589441664309918734e-01
-8.777003651772101456e-02,-6.059930261538525320e-01,7.906129729156825547e-01,8.584644958061812270e-01,-4.486182444263431823e-01,-2.485565935718974384e-01,5.053069662392531969e-01,6.568973458773620377e-01,5.595987373550451727e-01
-2.002973232358656042e-01,-5.065248910192575726e-01,8.386378938984789810e-01,8.445361008255508617e-01,-5.231630745940970550e-01,-1.142767333433458432e-01,4.966283889458212863e-01,6.853706531207627295e-01,5.325667198895339682e-01
-1.477832124710136696e-01,-5.423021547313038315e-01,8.270843337202878898e-01,8.520891836178171586e-01,-4.943648081048783727e-01,-1.718937452874540472e-01,5.020997363804016178e-01,6.793466048205522023e-01,5.351486197735350059e-01
-1.342660474218156930e-01,-5.627992971506914355e-01,8.156160736746245199e-01,8.726578738714976247e-01,-4.571239590569389777e-01,-1.717728768641531567e-01,4.695113030373180285e-01,6.886905235174922701e-01,5.525074652322827795e-01
-1.093661845724459430e-01,-5.808948507754099211e-01,8.065979233885242072e-01,8.649779580973285809e-01,-4.554285838491823890e-01,-2.107081797626844666e-01,4.897470466249302379e-01,6.746450750993013834e-01,5.522697284537838591e-01
-1.146853702978041095e-01,-5.770782006927718255e-01,8.085963245803486910e-01,8.665219797832597326e-01,-4.561520215609312090e-01,-2.026449895220131525e-01,4.857848540168335782e-01,6.774260723585042721e-01,5.523649084588690972e-01
-1.652532583870504057e-01,-5.243381364245206511e-01,8.353208241647774868e-01,8.709771389182531243e-01,-4.749408732384495790e-01,-1.258172897867075035e-01,4.626988049198274555e-01,7.067536244111939370e-01,5.351720567326024858e-01
-9.088975476515204210e-02,-5.622453655790601301e-01,8.219605838260128916e-01,8.614723302293499918e-01,-4.584656744066880618e-01,-2.183452533031904064e-01,4.996043201654128407e-01,6.882509529784099911e-01,5.260286579611094249e-01
-1.132068586407311700e-01,-5.505497167007246118e-01,8.270908152055911344e-01,8.631388185894833809e-01,-4.668008803513998273e-01,-1.925832753566862898e-01,4.921133883574481671e-01,6.920924414728933938e-01,5.280458933231478857e-01
-2.573633652107322652e-03,-6.166627527318954138e-01,7.872232375908031488e-01,8.908430547801444721e-01,-3.590547855182337766e-01,-2.783492639588538986e-01,4.543038940618993604e-01,7.005759847365424786e-01,5.502738058917742148e-01
9.087289966269315733e-02,-6.639723876539880276e-01,7.422147832938631451e-01,8.614716390953192082e-01,-3.214930273635427382e-01,-3.930761356163050002e-01,4.996085779300808438e-01,6.751169541566014454e-01,5.427783774884511470e-01
6.866063362474882081e-02,-6.531194676859719550e-01,7.541357161147063115e-01,8.712674204213066709e-01,-3.289767372951483138e-01,-3.642353475859274048e-01,4.859823036928916928e-01,6.820625097806151116e-01,5.464539626072060230e-01
-1.018647091406797538e-02,-6.478941115153675767e-01,7.616622979208235167e-01,9.130803284669620767e-01,-3.165524822983197262e-01,-2.570580473695319723e-01,4.076524862882371369e-01,6.928403468436897805e-01,5.948039208079702878e-01
-4.311376625476459265e-03,-6.432381766525370193e-01,7.656540081056932845e-01,9.069356063842839433e-01,-3.250508141513629434e-01,-2.679734578123501576e-01,4.212472170875014577e-01,6.932435476196343593e-01,5.847770222741142110e-01
5.716796952147860619e-05,-6.467207269129201519e-01,7.627268830407429867e-01,9.079513149029152519e-01,-3.196067023421527709e-01,-2.710645044708771545e-01,4.190756572480570097e-01,6.925343725759747215e-01,5.871726631093368010e-01
-1.035148320256225468e-01,-5.352776724183074819e-01,8.383093062594175748e-01,9.280434119967214679e-01,-3.551741363585187994e-01,-1.121907229295866226e-01,3.577989728886742382e-01,7.663740250507051766e-01,5.335267085417472188e-01
-9.032267185292311429e-02,-5.463980175507391346e-01,8.326409918842401225e-01,9.130043091231783148e-01,-3.793995464821313113e-01,-1.499303693441079721e-01,3.978252712835835259e-01,7.466627019918532504e-01,5.331321252582404968e-01
-8.433977730347132218e-02,-5.476209501171228622e-01,8.324650725148895480e-01,9.172111760518517620e-01,-3.691266864648455881e-01,-1.498971242721585662e-01,3.893718794288826279e-01,7.509039781039272832e-01,5.334161182207720620e-01
-2.554468566142164762e-02,-5.397553176868097324e-01,8.414342909956015193e-01,9.713399806888354249e-01,-2.123772170935896431e-01,-1.067453023556333425e-01,2.363178176733027880e-01,8.145919927720832732e-01,5.297110291109051738e-01
-4.851238231856732502e-02,-5.382885665581945700e-01,8.413631605166111971e-01,9.684761775341451662e-01,-2.314110042949956703e-01,-9.221084881960744939e-02,2.443367395841818390e-01,8.103668096633184215e-01,5.325459524636970698e-01
5.352384083669967096e-02,-5.307108139292485705e-01,8.458612359250436974e-01,9.700490291226465667e-01,-1.733592336347179463e-01,-1.701512774321549681e-01,2.369389785584011809e-01,8.296340205730099449e-01,5.055366577683202411e-01
-6.933305020374495344e-03,-5.249238338364682344e-01,8.511209655224797332e-01,9.694053066286469900e-01,-2.123758641782200751e-01,-1.230847017089152229e-01,-2.453676440806996650e-01,-8.242277967800997196e-01,-5.103364167422397291e-01
1.642260527918063540e-01,-5.246458482075914143e-01,8.353301967144249884e-01,9.659531320789584985e-01,-8.608631826689372435e-02,-2.439747782745199656e-01,1.999108556613995447e-01,8.469568346532114766e-01,4.926456840599935383e-01
5.311585755791997654e-02,-5.169815395006376324e-01,8.543469982925189221e-01,9.761101258813382753e-01,-1.536267247542114633e-01,-1.536484675914837061e-01,2.106839524686308640e-01,8.420979261682360884e-01,4.964709003711610391e-01
1.200974886461177449e-01,-5.335606915065017608e-01,8.371914844884646989e-01,9.757335997379867898e-01,-9.208196994024070436e-02,-1.986576279790811805e-01,1.830861424664522730e-01,8.407341430506010127e-01,5.095542808629178744e-01
5.615639532782733256e-02,-5.202108929622181188e-01,8.521895834303754302e-01,9.761459543149706430e-01,-1.506862888501675490e-01,-1.563096869265618305e-01,2.097272875386047564e-01,8.406392027475378947e-01,4.993397597484939832e-01
-7.737158445687913888e-02,-5.070404653199124256e-01,8.584425458042014290e-01,9.805795335776307242e-01,-1.943361677673231258e-01,-2.640515529563858266e-02,1.802149168279582880e-01,8.397281824648243909e-01,5.122296002058205344e-01
-1.074197764506395897e-01,-4.975163203550527213e-01,8.607778474192183671e-01,9.750660261318355726e-01,-2.218189797354314097e-01,-6.525711654905980152e-03,1.941835119436385870e-01,8.386142445782215349e-01,5.089390066400233392e-01
-2.452582058091473324e-02,-5.106059279392511918e-01,8.594649908391434057e-01,9.925646932168854519e-01,-1.149659485046322649e-01,-3.997699918328190272e-02,1.192217006425534964e-01,8.520941362535754404e-01,5.096290504456852943e-01
-3.464821875039954951e-02,-5.132081055281666471e-01,8.575645406368052059e-01,9.904831963649781690e-01,-1.319995448512846226e-01,-3.897637589194041796e-02,1.332011210765155496e-01,8.480528053012053036e-01,5.128975538689141134e-01
1.278713649152164178e-01,-5.463697746446631864e-01,8.277251859098283537e-01,9.782024620708580365e-01,-6.819865831888610730e-02,-1.961348673796061426e-01,1.636119104259570189e-01,8.347628479743480767e-01,5.257396032338867986e-01
8.039900808197063264e-02,-5.556096844612002927e-01,8.275469038262184274e-01,9.821746561952606758e-01,-9.736251505383097804e-02,-1.607901905904534912e-01,1.699086349399496765e-01,8.257229675837522986e-01,5.378779011797427678e-01
4.570633612985169902e-02,-4.871750629148664524e-01,8.721074411513070057e-01,9.979494867239859790e-01,-1.689130921342846259e-02,-6.173739240030712283e-02,4.480795448263798220e-02,8.731409632739444149e-01,4.854040641240344178e-01
-5.796405830472029647e-02,-4.991489102947688772e-01,8.645753485361423740e-01,9.954950837740396130e-01,-9.398841325775467159e-02,1.247863594337395021e-02,-7.503136761758200102e-02,-8.614038214013415296e-01,-5.023482361356519377e-01
2.910667809824767915e-01,4.550483365540938241e-01,-8.415528149842119721e-01,9.499618240910618905e-01,-2.417056898569387435e-01,1.978658440973685984e-01,1.133695804794284251e-01,8.570352214991713291e-01,5.026310449343383002e-01
2.635927749104410855e-01,4.706823017550120225e-01,-8.420077314547751435e-01,9.600459755547881002e-01,-2.130379633898686620e-01,1.814567468455016985e-01,9.397113299343146098e-02,8.561968213964008534e-01,5.080319174959682105e-01
2.756014250501706009e-01,4.875404855797798032e-01,-8.284613023134804743e-01,9.612702751070232310e-01,-1.381481966753755342e-01,2.384838232480551434e-01,-1.820084059338655108e-03,8.621017055289790232e-01,5.067320165709313651e-01
2.766516726125252679e-01,4.893283208089069802e-01,-8.270560117035775649e-01,9.597310899290378838e-01,-1.843829857039783193e-01,2.119413824775801536e-01,4.878613598465747492e-02,8.523853055028707271e-01,5.206334640593748286e-01
-9.539274397412075279e-01,2.758722404615679968e-01,-1.179701091442214994e-01,-2.160366660493991675e-01,-3.586920615541114299e-01,9.081124180960868930e-01,-2.082080657204352092e-01,-8.917592230645984275e-01,-4.017647190187043083e-01
-8.317015159896378185e-01,3.829341464261913908e-01,-4.020373462769132322e-01,-5.177943373357708490e-01,-2.735922056689287230e-01,8.105777749360146833e-01,-2.004036240279805925e-01,-8.823314255414771434e-01,-4.258281848097855149e-01
5.442066180706648382e-01,-5.656086731075139484e-01,6.196176125269901025e-01,7.742445332895554477e-01,5.417271209913599589e-02,-6.305638111524188849e-01,3.230859940005578190e-01,8.228925483739547575e-01,4.674005715778383196e-01
4.348294249294090141e-01,-5.357692689453305013e-01,7.237918635003752765e-01,8.240965246058833404e-01,-8.726762533599363714e-02,-5.596867692743155986e-01,3.630265683776651708e-01,8.398426352728248778e-01,4.035790611886764800e-01
4.509973371293123923e-01,-5.418205368331519001e-01,7.092474235188338527e-01,8.205993827330169132e-01,-6.081049217927762124e-02,-5.682593924424882426e-01,3.510242939747346691e-01,8.382914707348210204e-01,4.171922280349792955e-01
4.377498857552376554e-01,-5.400764189298208340e-01,7.188132575552690362e-01,8.263672649723596830e-01,-7.332027883928907142e-02,-5.583379622531781106e-01,3.542487556835998697e-01,8.384161248609606210e-01,4.142055295016612848e-01
-9.593571641861583510e-01,2.515314487557870349e-01,1.279287372387758748e-01,-2.670464780259281315e-02,-5.322217524321077864e-01,8.461837082004332045e-01,-2.809282707568468984e-01,-8.083761108079033919e-01,-5.173078098817536219e-01
-9.469765057008876497e-01,1.557975835837212275e-01,2.810028658217030850e-01,1.451964314279598767e-01,-5.726756594525207467e-01,8.068212846542943684e-01,-2.866243080255448383e-01,-8.048414142053661458e-01,-5.196891417268442170e-01
2.057276184281737752e-01,6.051383513126185054e-01,-7.690797896099708097e-01,9.737231977772169422e-01,-2.050148352326412182e-01,9.915670146310512356e-02,9.766924350266166510e-02,7.692701041280484153e-01,6.314144643326118356e-01
2.947705301611522333e-01,5.729043978363935752e-01,-7.647815933246783215e-01,9.262346495098459087e-01,-3.680833387887004204e-01,8.126518168032303979e-02,2.349461823394589088e-01,7.323217917322156767e-01,6.391440250508730880e-01
4.012053786972611391e-01,5.490546558987974279e-01,-7.331938549525905957e-01,8.909624837214247250e-01,-4.197424590626206986e-01,1.732112024697425312e-01,2.126501744775614045e-01,7.227414841393270395e-01,6.575900321619431166e-01
6.077428789698848810e-01,-7.835561767212438911e-01,-1.291832457533965695e-01,-3.611262197448976141e-01,-4.175645546085356430e-01,8.338031519173668693e-01,-7.072739543303963039e-01,-4.600864708471248954e-01,-5.367345646306768137e-01
-4.776126804690076777e-01,8.596698565124725189e-01,-1.812563523274014765e-01,4.550475348909933104e-01,6.557385962075885921e-02,-8.880494411484463058e-01,7.515436570451777820e-01,5.066239302858308591e-01,4.225095558882633329e-01
-5.322831721286787054e-01,8.450008079980925180e-01,-5.146123930884238806e-02,4.088065340967563799e-01,2.033332214000904692e-01,-8.896813017900622178e-01,7.413176393074892845e-01,4.946000763825580959e-01,4.536727037126420115e-01
-5.318620156490270201e-01,8.147789249251575772e-01,2.307771648312679502e-01,-4.172942397441689044e-01,-4.893010282262665878e-01,7.658002489246492628e-01,7.368774075693256265e-01,3.109980824290116130e-01,6.002431831677784713e-01
-4.934668888903899209e-01,8.534861369309653112e-01,1.674868461566363653e-01,-4.238698494473526202e-01,-4.041354627879613637e-01,8.105608419154227695e-01,7.594898157963135832e-01,3.289923126515535978e-01,5.611945098785843244e-01
-2.544629402616493952e-01,9.666001059465469947e-01,-3.054254765929891383e-02,-4.382389777449263724e-01,-8.710049332791719445e-02,8.946284717395908137e-01,8.620877045976693687e-01,2.410347262245791655e-01,4.457656899486139856e-01
-2.540449623789987066e-01,9.593129413457374133e-01,-1.232064838246850064e-01,-4.577678018583170028e-01,-7.044243283022032405e-03,8.890438786799975679e-01,8.520034017958246775e-01,2.822570799876573111e-01,4.409321309738986616e-01
1.716361912735540896e-01,4.064734594850388794e-01,-8.973964255441252424e-01,-7.276059904736564832e-01,6.664236968763672664e-01,1.626928974125344540e-01,-6.641765883196710796e-01,-6.250270257964054554e-01,-4.101349491961663873e-01
2.672213890975637662e-01,3.352720954032706868e-01,-9.034297710683824034e-01,-6.834175959756505492e-01,7.268900123834087790e-01,6.761138519591741725e-02,-6.793622882671891405e-01,-5.993525940055219881e-01,-4.233714082684617019e-01
2.463225634856978929e-01,3.726454204622584032e-01,-8.946846289762333537e-01,-7.006747271065584259e-01,7.062592499330626605e-01,1.012561043993779608e-01,-6.696119185856719280e-01,-6.019412450501244738e-01,-4.350708172188998968e-01
2.913157799631541645e-01,4.623758136905795069e-01,-8.374626697700819911e-01,8.805553026466784727e-01,-4.717191879653507280e-01,4.586247579586383988e-02,3.738415109712608930e-01,7.507926575422032567e-01,5.445667177265245407e-01
3.492270360613183300e-01,4.563365142385586437e-01,-8.184115487066565553e-01,8.953659877083813834e-01,-4.200769940317273243e-01,1.478345938549660843e-01,2.763335400178947854e-01,7.844057016989804954e-01,5.552904373418553474e-01
6.175692823664085118e-01,5.084182982119037630e-01,-6.000991714048200532e-01,7.740376724427746602e-01,-5.282474354590354082e-01,3.490276902630001232e-01,1.395487840033423355e-01,6.800481460707504811e-01,7.197643058035901875e-01
6.245464767382539195e-01,4.531627344624648557e-01,-6.360701490310132211e-01,7.299893215827556459e-01,-6.282082331694415211e-01,2.692025374198339649e-01,2.775919465131901354e-01,6.324539128447467240e-01,7.231491957807791859e-01
6.228594162236719134e-01,4.515842548362947739e-01,-6.388409883573965553e-01,7.360456824768325523e-01,-6.149745238728117069e-01,2.829188722843044568e-01,2.651092245258939162e-01,6.464348348993553817e-01,7.154293139786224165e-01
-3.587813105615577092e-01,1.951021781035252034e-01,9.128039829508804992e-01,2.896429357289926898e-01,-9.063698274667116861e-01,3.075722770996332511e-01,8.873460097245169376e-01,3.747384100372193050e-01,2.686785869189337594e-01
3.587952228287450418e-01,-7.790710970217908093e-02,-9.301593789954085700e-01,3.496014410151355167e-01,-9.127594070630827838e-01,2.113033299737391291e-01,-8.654737549547136810e-01,-4.009996846329220710e-01,-3.002572770290259374e-01
